27.498360655737706
27.495081967213114
27.501639344262294
27.49672131147541
27.49672131147541
27.49672131147541
27.49672131147541
27.501639344262294
27.503278688524592
27.501639344262294
27.498360655737706
27.49672131147541
27.5
27.501639344262294
27.501639344262294
27.498360655737706
27.503278688524592
27.498360655737706
27.498360655737706
27.495081967213114
27.498360655737706
\
27.49672131147541
27.495081967213114
27.501639344262294
27.495081967213114
27.49344262295082
27.495081967213114
27.495081967213114
27.498360655737706
27.5
27.501639344262294
27.498360655737706
27.49672131147541
27.503278688524592
27.5
27.501639344262294
27.498360655737706
27.503278688524592
27.49672131147541
27.5
27.495081967213114
27.498360655737706
\
27.498360655737706
27.495081967213114
27.501639344262294
27.49672131147541
27.495081967213114
27.495081967213114
27.495081967213114
27.498360655737706
27.501639344262294
27.503278688524592
27.498360655737706
27.495081967213114
27.501639344262294
27.501639344262294
27.501639344262294
27.498360655737706
27.503278688524592
27.498360655737706
27.498360655737706
27.49344262295082
27.495081967213114
\
27.501639344262294
27.498360655737706
27.503278688524592
27.495081967213114
27.495081967213114
27.498360655737706
27.5
27.503278688524592
27.503278688524592
27.503278688524592
27.503278688524592
27.498360655737706
27.501639344262294
27.498360655737706
27.501639344262294
27.5
27.503278688524592
27.498360655737706
27.495081967213114
27.495081967213114
27.49672131147541
\
27.501639344262294
27.495081967213114
27.501639344262294
27.498360655737706
27.501639344262294
27.501639344262294
27.503278688524592
27.498360655737706
27.498360655737706
27.501639344262294
27.501639344262294
27.50655737704918
27.50655737704918
27.504918032786886
27.504918032786886
27.498360655737706
27.501639344262294
27.501639344262294
27.501639344262294
27.503278688524592
27.503278688524592
27.498360655737706
27.49672131147541
27.495081967213114
27.501639344262294
\
27.498360655737706
27.495081967213114
27.498360655737706
27.498360655737706
27.501639344262294
27.498360655737706
27.501639344262294
27.498360655737706
27.498360655737706
27.504918032786886
27.503278688524592
27.50655737704918
27.498360655737706
27.501639344262294
27.498360655737706
27.498360655737706
27.498360655737706
27.498360655737706
27.501639344262294
27.501639344262294
27.501639344262294
27.498360655737706
27.498360655737706
27.49344262295082
27.501639344262294
\
27.498360655737706
27.495081967213114
27.498360655737706
27.501639344262294
27.501639344262294
27.49672131147541
27.501639344262294
27.498360655737706
27.495081967213114
27.50655737704918
27.501639344262294
27.5
27.495081967213114
27.498360655737706
27.498360655737706
27.498360655737706
27.501639344262294
27.49672131147541
27.498360655737706
27.5
27.501639344262294
27.49672131147541
27.495081967213114
27.491803278688526
27.5
\
27.501639344262294
27.498360655737706
27.501639344262294
27.501639344262294
27.503278688524592
27.498360655737706
27.50655737704918
27.501639344262294
27.498360655737706
27.501639344262294
27.501639344262294
27.5
27.49672131147541
27.501639344262294
27.503278688524592
27.503278688524592
27.50655737704918
27.501639344262294
27.50655737704918
27.504918032786886
27.50655737704918
27.501639344262294
27.501639344262294
27.495081967213114
27.498360655737706
\
27.498360655737706
27.49672131147541
27.5
27.498360655737706
27.50655737704918
27.501639344262294
27.508196721311474
27.501639344262294
27.49672131147541
27.498360655737706
27.498360655737706
27.501639344262294
27.498360655737706
27.501639344262294
27.50655737704918
27.504918032786886
27.50655737704918
27.501639344262294
27.504918032786886
27.503278688524592
27.508196721311474
27.501639344262294
27.498360655737706
27.498360655737706
27.49672131147541
\
27.501639344262294
27.495081967213114
27.498360655737706
27.501639344262294
27.50655737704918
27.503278688524592
27.50655737704918
27.501639344262294
27.498360655737706
27.498360655737706
27.498360655737706
27.498360655737706
27.498360655737706
27.50655737704918
27.50655737704918
27.504918032786886
27.522950819672133
27.501639344262294
27.5
27.50655737704918
27.508196721311474
27.50655737704918
27.503278688524592
27.498360655737706
27.498360655737706
\
27.504918032786886
27.49672131147541
27.498360655737706
27.498360655737706
27.50655737704918
27.503278688524592
27.504918032786886
27.501639344262294
27.498360655737706
27.501639344262294
27.498360655737706
27.498360655737706
27.498360655737706
27.501639344262294
27.50655737704918
27.50655737704918
27.508196721311474
27.503278688524592
27.501639344262294
27.503278688524592
27.50655737704918
27.504918032786886
27.501639344262294
27.495081967213114
27.49672131147541
\
27.501639344262294
27.495081967213114
27.498360655737706
27.498360655737706
27.501639344262294
27.503278688524592
27.50655737704918
27.498360655737706
27.498360655737706
27.5
27.501639344262294
27.501639344262294
27.501639344262294
27.50655737704918
27.503278688524592
27.503278688524592
27.504918032786886
27.501639344262294
27.501639344262294
27.501639344262294
27.501639344262294
27.498360655737706
27.5
27.491803278688526
27.49672131147541
\
27.516393442622952
27.498360655737706
27.508196721311474
27.501639344262294
27.518032786885247
27.50655737704918
27.508196721311474
27.503278688524592
27.501639344262294
27.518032786885247
27.50655737704918
27.522950819672133
27.521311475409835
27.521311475409835
27.518032786885247
27.50655737704918
27.504918032786886
27.504918032786886
27.504918032786886
27.50655737704918
27.50655737704918
27.501639344262294
27.503278688524592
27.495081967213114
27.498360655737706
\
27.50655737704918
27.49672131147541
27.501639344262294
27.501639344262294
27.50655737704918
27.503278688524592
27.50655737704918
27.504918032786886
27.504918032786886
27.50655737704918
27.508196721311474
27.508196721311474
27.521311475409835
27.521311475409835
27.50655737704918
27.501639344262294
27.508196721311474
27.498360655737706
27.503278688524592
27.503278688524592
27.516393442622952
27.503278688524592
27.50655737704918
27.498360655737706
27.498360655737706
\
27.508196721311474
27.495081967213114
27.501639344262294
27.503278688524592
27.50655737704918
27.504918032786886
27.50655737704918
27.503278688524592
27.503278688524592
27.50655737704918
27.504918032786886
27.50655737704918
27.518032786885247
27.516393442622952
27.508196721311474
27.501639344262294
27.50655737704918
27.498360655737706
27.501639344262294
27.501639344262294
27.50655737704918
27.503278688524592
27.50655737704918
27.501639344262294
27.501639344262294
\
27.50655737704918
27.49672131147541
27.503278688524592
27.501639344262294
27.50655737704918
27.5
27.50655737704918
27.503278688524592
27.503278688524592
27.503278688524592
27.50655737704918
27.50655737704918
27.50655737704918
27.516393442622952
27.503278688524592
27.501639344262294
27.503278688524592
27.501639344262294
27.501639344262294
27.501639344262294
27.50655737704918
27.501639344262294
27.501639344262294
27.501639344262294
27.498360655737706
\
