28.491803278688526
28.495081967213114
28.495081967213114
28.498360655737706
28.481967213114753
28.491803278688526
28.495081967213114
28.49672131147541
28.508196721311474
28.503278688524592
28.503278688524592
28.508196721311474
28.508196721311474
28.503278688524592
28.509836065573772
28.508196721311474
28.508196721311474
28.508196721311474
28.50655737704918
28.50655737704918
28.50655737704918
\
28.495081967213114
28.495081967213114
28.495081967213114
28.498360655737706
28.491803278688526
28.495081967213114
28.49672131147541
28.495081967213114
28.498360655737706
28.498360655737706
28.5
28.508196721311474
28.508196721311474
28.503278688524592
28.503278688524592
28.508196721311474
28.508196721311474
28.50655737704918
28.50655737704918
28.50655737704918
28.501639344262294
\
28.49672131147541
28.481967213114753
28.49672131147541
28.498360655737706
28.491803278688526
28.495081967213114
28.495081967213114
28.495081967213114
28.5
28.49672131147541
28.5
28.509836065573772
28.503278688524592
28.503278688524592
28.503278688524592
28.50655737704918
28.509836065573772
28.503278688524592
28.508196721311474
28.509836065573772
28.50655737704918
\
28.491803278688526
28.481967213114753
28.495081967213114
28.495081967213114
28.481967213114753
28.495081967213114
28.495081967213114
28.495081967213114
28.498360655737706
28.495081967213114
28.5
28.503278688524592
28.5
28.5
28.498360655737706
28.501639344262294
28.50655737704918
28.503278688524592
28.508196721311474
28.503278688524592
28.50655737704918
\
28.49672131147541
28.481967213114753
28.481967213114753
28.49672131147541
28.491803278688526
28.481967213114753
28.491803278688526
28.495081967213114
28.481967213114753
28.491803278688526
28.491803278688526
28.495081967213114
28.49672131147541
28.491803278688526
28.495081967213114
28.503278688524592
28.5
28.498360655737706
28.5
28.503278688524592
28.508196721311474
28.5
28.50655737704918
28.50655737704918
28.5
\
28.495081967213114
28.481967213114753
28.481967213114753
28.49672131147541
28.481967213114753
28.481967213114753
28.491803278688526
28.495081967213114
28.481967213114753
28.491803278688526
28.491803278688526
28.495081967213114
28.495081967213114
28.481967213114753
28.495081967213114
28.5
28.5
28.5
28.5
28.5
28.503278688524592
28.498360655737706
28.50655737704918
28.503278688524592
28.503278688524592
\
28.495081967213114
28.491803278688526
28.481967213114753
28.5
28.495081967213114
28.481967213114753
28.481967213114753
28.495081967213114
28.490163934426228
28.495081967213114
28.491803278688526
28.491803278688526
28.495081967213114
28.491803278688526
28.495081967213114
28.498360655737706
28.5
28.498360655737706
28.503278688524592
28.503278688524592
28.503278688524592
28.5
28.508196721311474
28.503278688524592
28.498360655737706
\
28.495081967213114
28.481967213114753
28.481967213114753
28.49672131147541
28.495081967213114
28.495081967213114
28.491803278688526
28.495081967213114
28.481967213114753
28.491803278688526
28.491803278688526
28.481967213114753
28.495081967213114
28.491803278688526
28.495081967213114
28.5
28.5
28.503278688524592
28.503278688524592
28.503278688524592
28.508196721311474
28.5
28.50655737704918
28.503278688524592
28.503278688524592
\
28.498360655737706
28.481967213114753
28.481967213114753
28.5
28.495081967213114
28.495081967213114
28.491803278688526
28.49672131147541
28.491803278688526
28.495081967213114
28.491803278688526
28.491803278688526
28.498360655737706
28.495081967213114
28.495081967213114
28.503278688524592
28.503278688524592
28.50655737704918
28.508196721311474
28.50655737704918
28.508196721311474
28.50655737704918
28.51311475409836
28.508196721311474
28.503278688524592
\
28.501639344262294
28.481967213114753
28.481967213114753
28.5
28.495081967213114
28.491803278688526
28.491803278688526
28.498360655737706
28.481967213114753
28.490163934426228
28.491803278688526
28.491803278688526
28.495081967213114
28.495081967213114
28.498360655737706
28.503278688524592
28.50655737704918
28.503278688524592
28.503278688524592
28.503278688524592
28.503278688524592
28.503278688524592
28.511475409836066
28.503278688524592
28.503278688524592
\
28.498360655737706
28.481967213114753
28.481967213114753
28.498360655737706
28.495081967213114
28.495081967213114
28.495081967213114
28.498360655737706
28.481967213114753
28.491803278688526
28.495081967213114
28.491803278688526
28.49672131147541
28.495081967213114
28.495081967213114
28.5
28.503278688524592
28.503278688524592
28.5
28.503278688524592
28.503278688524592
28.498360655737706
28.50655737704918
28.50655737704918
28.5
\
28.501639344262294
28.481967213114753
28.481967213114753
28.498360655737706
28.495081967213114
28.495081967213114
28.49672131147541
28.498360655737706
28.481967213114753
28.498360655737706
28.49672131147541
28.49672131147541
28.5
28.495081967213114
28.498360655737706
28.503278688524592
28.503278688524592
28.503278688524592
28.5
28.498360655737706
28.50655737704918
28.5
28.509836065573772
28.50655737704918
28.5
\
28.5
28.48032786885246
28.481967213114753
28.49672131147541
28.495081967213114
28.495081967213114
28.495081967213114
28.503278688524592
28.495081967213114
28.49672131147541
28.498360655737706
28.503278688524592
28.503278688524592
28.503278688524592
28.498360655737706
28.50655737704918
28.5
28.5
28.498360655737706
28.498360655737706
28.503278688524592
28.503278688524592
28.503278688524592
28.503278688524592
28.503278688524592
\
28.503278688524592
28.481967213114753
28.481967213114753
28.49672131147541
28.495081967213114
28.491803278688526
28.495081967213114
28.503278688524592
28.495081967213114
28.5
28.5
28.503278688524592
28.50655737704918
28.503278688524592
28.5
28.50655737704918
28.503278688524592
28.503278688524592
28.5
28.503278688524592
28.503278688524592
28.5
28.50655737704918
28.503278688524592
28.501639344262294
\
28.504918032786886
28.481967213114753
28.481967213114753
28.498360655737706
28.495081967213114
28.495081967213114
28.503278688524592
28.514754098360655
28.5
28.509836065573772
28.503278688524592
28.503278688524592
28.51311475409836
28.511475409836066
28.503278688524592
28.511475409836066
28.50655737704918
28.5
28.503278688524592
28.503278688524592
28.504918032786886
28.5
28.509836065573772
28.508196721311474
28.50655737704918
\
28.504918032786886
28.481967213114753
28.481967213114753
28.498360655737706
28.495081967213114
28.495081967213114
28.503278688524592
28.511475409836066
28.5
28.50655737704918
28.503278688524592
28.503278688524592
28.514754098360655
28.50655737704918
28.503278688524592
28.50655737704918
28.50655737704918
28.5
28.503278688524592
28.501639344262294
28.503278688524592
28.503278688524592
28.511475409836066
28.508196721311474
28.503278688524592
\
