27.51967213114754
27.524590163934427
27.529508196721313
27.527868852459015
27.522950819672133
27.527868852459015
27.51967213114754
27.522950819672133
27.52622950819672
27.527868852459015
27.521311475409835
27.522950819672133
27.522950819672133
27.534426229508195
27.52622950819672
27.52622950819672
27.527868852459015
27.52622950819672
27.52622950819672
27.51967213114754
27.521311475409835
\
27.51311475409836
27.51311475409836
27.51967213114754
27.51311475409836
27.518032786885247
27.521311475409835
27.51311475409836
27.518032786885247
27.518032786885247
27.521311475409835
27.522950819672133
27.521311475409835
27.51967213114754
27.529508196721313
27.521311475409835
27.521311475409835
27.516393442622952
27.522950819672133
27.521311475409835
27.51967213114754
27.51311475409836
\
27.50655737704918
27.511475409836066
27.516393442622952
27.511475409836066
27.51311475409836
27.51311475409836
27.508196721311474
27.518032786885247
27.51311475409836
27.51967213114754
27.51967213114754
27.51967213114754
27.51967213114754
27.529508196721313
27.522950819672133
27.521311475409835
27.521311475409835
27.521311475409835
27.522950819672133
27.51967213114754
27.518032786885247
\
27.511475409836066
27.508196721311474
27.516393442622952
27.508196721311474
27.51311475409836
27.51311475409836
27.511475409836066
27.51311475409836
27.511475409836066
27.51311475409836
27.51967213114754
27.51967213114754
27.521311475409835
27.529508196721313
27.527868852459015
27.521311475409835
27.51311475409836
27.52622950819672
27.521311475409835
27.518032786885247
27.518032786885247
\
27.51311475409836
27.508196721311474
27.51311475409836
27.51311475409836
27.51311475409836
27.511475409836066
27.508196721311474
27.511475409836066
27.51311475409836
27.511475409836066
27.508196721311474
27.511475409836066
27.511475409836066
27.511475409836066
27.51967213114754
27.51967213114754
27.516393442622952
27.52622950819672
27.522950819672133
27.521311475409835
27.51967213114754
27.52622950819672
27.522950819672133
27.51967213114754
27.518032786885247
\
27.51311475409836
27.511475409836066
27.511475409836066
27.518032786885247
27.514754098360655
27.51311475409836
27.511475409836066
27.511475409836066
27.51311475409836
27.518032786885247
27.511475409836066
27.511475409836066
27.511475409836066
27.51311475409836
27.51967213114754
27.521311475409835
27.51311475409836
27.522950819672133
27.52622950819672
27.521311475409835
27.521311475409835
27.52622950819672
27.52622950819672
27.521311475409835
27.51311475409836
\
27.516393442622952
27.508196721311474
27.514754098360655
27.51311475409836
27.508196721311474
27.508196721311474
27.508196721311474
27.511475409836066
27.508196721311474
27.51311475409836
27.503278688524592
27.504918032786886
27.504918032786886
27.504918032786886
27.51311475409836
27.51311475409836
27.51311475409836
27.522950819672133
27.522950819672133
27.51967213114754
27.51967213114754
27.527868852459015
27.52622950819672
27.521311475409835
27.51311475409836
\
27.51967213114754
27.508196721311474
27.511475409836066
27.51311475409836
27.508196721311474
27.511475409836066
27.511475409836066
27.508196721311474
27.50655737704918
27.511475409836066
27.503278688524592
27.504918032786886
27.50655737704918
27.504918032786886
27.51311475409836
27.51311475409836
27.51967213114754
27.52622950819672
27.52622950819672
27.51967213114754
27.51967213114754
27.52622950819672
27.521311475409835
27.51967213114754
27.51311475409836
\
27.51311475409836
27.508196721311474
27.51311475409836
27.51311475409836
27.511475409836066
27.511475409836066
27.508196721311474
27.511475409836066
27.511475409836066
27.508196721311474
27.501639344262294
27.503278688524592
27.501639344262294
27.504918032786886
27.516393442622952
27.51311475409836
27.521311475409835
27.527868852459015
27.52622950819672
27.51967213114754
27.51967213114754
27.52622950819672
27.52622950819672
27.51967213114754
27.51967213114754
\
27.516393442622952
27.504918032786886
27.511475409836066
27.508196721311474
27.508196721311474
27.511475409836066
27.511475409836066
27.504918032786886
27.504918032786886
27.503278688524592
27.498360655737706
27.498360655737706
27.503278688524592
27.511475409836066
27.51311475409836
27.51967213114754
27.51967213114754
27.527868852459015
27.521311475409835
27.521311475409835
27.51967213114754
27.529508196721313
27.527868852459015
27.521311475409835
27.51311475409836
\
27.511475409836066
27.504918032786886
27.511475409836066
27.508196721311474
27.504918032786886
27.511475409836066
27.508196721311474
27.508196721311474
27.50655737704918
27.508196721311474
27.49672131147541
27.498360655737706
27.501639344262294
27.504918032786886
27.511475409836066
27.51311475409836
27.51967213114754
27.527868852459015
27.521311475409835
27.51967213114754
27.516393442622952
27.527868852459015
27.521311475409835
27.51311475409836
27.508196721311474
\
27.508196721311474
27.503278688524592
27.514754098360655
27.511475409836066
27.508196721311474
27.511475409836066
27.511475409836066
27.511475409836066
27.511475409836066
27.511475409836066
27.503278688524592
27.501639344262294
27.508196721311474
27.511475409836066
27.51311475409836
27.51311475409836
27.51967213114754
27.52622950819672
27.521311475409835
27.521311475409835
27.51967213114754
27.527868852459015
27.51967213114754
27.51967213114754
27.514754098360655
\
27.51311475409836
27.508196721311474
27.51311475409836
27.511475409836066
27.508196721311474
27.508196721311474
27.508196721311474
27.508196721311474
27.51311475409836
27.51967213114754
27.508196721311474
27.51311475409836
27.51967213114754
27.521311475409835
27.521311475409835
27.51967213114754
27.511475409836066
27.524590163934427
27.51967213114754
27.51967213114754
27.521311475409835
27.527868852459015
27.51967213114754
27.51311475409836
27.518032786885247
\
27.508196721311474
27.508196721311474
27.511475409836066
27.508196721311474
27.504918032786886
27.511475409836066
27.511475409836066
27.51967213114754
27.51967213114754
27.522950819672133
27.508196721311474
27.51967213114754
27.51967213114754
27.521311475409835
27.521311475409835
27.51967213114754
27.51311475409836
27.524590163934427
27.521311475409835
27.51311475409836
27.516393442622952
27.521311475409835
27.51967213114754
27.511475409836066
27.511475409836066
\
27.51311475409836
27.511475409836066
27.514754098360655
27.511475409836066
27.511475409836066
27.514754098360655
27.51311475409836
27.522950819672133
27.527868852459015
27.527868852459015
27.511475409836066
27.522950819672133
27.52622950819672
27.52622950819672
27.527868852459015
27.521311475409835
27.51967213114754
27.521311475409835
27.521311475409835
27.51967213114754
27.51967213114754
27.531147540983607
27.527868852459015
27.521311475409835
27.518032786885247
\
27.51311475409836
27.508196721311474
27.51311475409836
27.511475409836066
27.508196721311474
27.508196721311474
27.51967213114754
27.522950819672133
27.522950819672133
27.522950819672133
27.51967213114754
27.51967213114754
27.52622950819672
27.52622950819672
27.52622950819672
27.521311475409835
27.51311475409836
27.522950819672133
27.521311475409835
27.521311475409835
27.51967213114754
27.52622950819672
27.52622950819672
27.51311475409836
27.51311475409836
\
