27.491803278688526
27.488524590163934
27.481967213114753
27.48032786885246
27.481967213114753
27.481967213114753
27.477049180327867
27.475409836065573
27.475409836065573
27.481967213114753
27.488524590163934
27.488524590163934
27.488524590163934
27.491803278688526
27.495081967213114
27.491803278688526
27.495081967213114
27.49344262295082
27.49344262295082
27.491803278688526
27.490163934426228
\
27.490163934426228
27.481967213114753
27.481967213114753
27.481967213114753
27.477049180327867
27.478688524590165
27.477049180327867
27.477049180327867
27.477049180327867
27.481967213114753
27.481967213114753
27.488524590163934
27.488524590163934
27.490163934426228
27.491803278688526
27.491803278688526
27.491803278688526
27.491803278688526
27.491803278688526
27.490163934426228
27.488524590163934
\
27.490163934426228
27.481967213114753
27.481967213114753
27.481967213114753
27.481967213114753
27.491803278688526
27.481967213114753
27.481967213114753
27.481967213114753
27.481967213114753
27.481967213114753
27.488524590163934
27.490163934426228
27.491803278688526
27.491803278688526
27.490163934426228
27.491803278688526
27.495081967213114
27.49344262295082
27.490163934426228
27.481967213114753
\
27.491803278688526
27.491803278688526
27.491803278688526
27.491803278688526
27.491803278688526
27.495081967213114
27.49344262295082
27.49344262295082
27.491803278688526
27.491803278688526
27.49344262295082
27.49344262295082
27.490163934426228
27.491803278688526
27.49344262295082
27.491803278688526
27.491803278688526
27.491803278688526
27.491803278688526
27.490163934426228
27.481967213114753
\
27.491803278688526
27.488524590163934
27.490163934426228
27.49344262295082
27.490163934426228
27.490163934426228
27.491803278688526
27.491803278688526
27.491803278688526
27.49672131147541
27.491803278688526
27.491803278688526
27.490163934426228
27.491803278688526
27.49344262295082
27.49344262295082
27.491803278688526
27.491803278688526
27.491803278688526
27.491803278688526
27.491803278688526
27.49344262295082
27.491803278688526
27.488524590163934
27.488524590163934
\
27.495081967213114
27.490163934426228
27.491803278688526
27.495081967213114
27.491803278688526
27.491803278688526
27.49344262295082
27.495081967213114
27.491803278688526
27.498360655737706
27.49344262295082
27.491803278688526
27.488524590163934
27.490163934426228
27.495081967213114
27.49344262295082
27.495081967213114
27.495081967213114
27.495081967213114
27.495081967213114
27.49344262295082
27.495081967213114
27.495081967213114
27.490163934426228
27.488524590163934
\
27.495081967213114
27.491803278688526
27.491803278688526
27.495081967213114
27.491803278688526
27.490163934426228
27.49344262295082
27.495081967213114
27.49344262295082
27.49672131147541
27.491803278688526
27.491803278688526
27.48688524590164
27.490163934426228
27.495081967213114
27.491803278688526
27.495081967213114
27.495081967213114
27.495081967213114
27.495081967213114
27.49344262295082
27.495081967213114
27.49344262295082
27.488524590163934
27.488524590163934
\
27.495081967213114
27.491803278688526
27.491803278688526
27.495081967213114
27.490163934426228
27.491803278688526
27.491803278688526
27.495081967213114
27.491803278688526
27.495081967213114
27.490163934426228
27.488524590163934
27.481967213114753
27.488524590163934
27.49344262295082
27.491803278688526
27.495081967213114
27.49344262295082
27.495081967213114
27.49344262295082
27.49344262295082
27.495081967213114
27.491803278688526
27.488524590163934
27.488524590163934
\
27.495081967213114
27.491803278688526
27.491803278688526
27.495081967213114
27.49344262295082
27.49344262295082
27.491803278688526
27.495081967213114
27.491803278688526
27.495081967213114
27.490163934426228
27.481967213114753
27.481967213114753
27.490163934426228
27.49344262295082
27.495081967213114
27.49344262295082
27.495081967213114
27.495081967213114
27.495081967213114
27.495081967213114
27.495081967213114
27.49344262295082
27.490163934426228
27.490163934426228
\
27.495081967213114
27.49344262295082
27.491803278688526
27.495081967213114
27.491803278688526
27.491803278688526
27.491803278688526
27.495081967213114
27.49344262295082
27.491803278688526
27.490163934426228
27.481967213114753
27.481967213114753
27.488524590163934
27.49344262295082
27.495081967213114
27.495081967213114
27.495081967213114
27.49344262295082
27.49344262295082
27.495081967213114
27.495081967213114
27.491803278688526
27.491803278688526
27.490163934426228
\
27.495081967213114
27.490163934426228
27.490163934426228
27.495081967213114
27.490163934426228
27.491803278688526
27.491803278688526
27.495081967213114
27.491803278688526
27.491803278688526
27.490163934426228
27.481967213114753
27.481967213114753
27.481967213114753
27.49344262295082
27.495081967213114
27.495081967213114
27.495081967213114
27.495081967213114
27.49344262295082
27.495081967213114
27.495081967213114
27.491803278688526
27.488524590163934
27.490163934426228
\
27.495081967213114
27.490163934426228
27.490163934426228
27.495081967213114
27.491803278688526
27.49344262295082
27.491803278688526
27.495081967213114
27.49344262295082
27.495081967213114
27.490163934426228
27.488524590163934
27.481967213114753
27.481967213114753
27.49344262295082
27.495081967213114
27.49344262295082
27.49344262295082
27.495081967213114
27.49344262295082
27.49344262295082
27.49344262295082
27.49344262295082
27.490163934426228
27.490163934426228
\
27.49344262295082
27.491803278688526
27.491803278688526
27.49344262295082
27.491803278688526
27.49344262295082
27.490163934426228
27.491803278688526
27.491803278688526
27.495081967213114
27.49344262295082
27.495081967213114
27.491803278688526
27.491803278688526
27.495081967213114
27.495081967213114
27.490163934426228
27.49344262295082
27.49344262295082
27.49344262295082
27.49344262295082
27.491803278688526
27.49344262295082
27.490163934426228
27.491803278688526
\
27.49344262295082
27.490163934426228
27.491803278688526
27.495081967213114
27.491803278688526
27.49344262295082
27.491803278688526
27.495081967213114
27.495081967213114
27.49672131147541
27.495081967213114
27.49672131147541
27.495081967213114
27.495081967213114
27.495081967213114
27.495081967213114
27.495081967213114
27.49344262295082
27.495081967213114
27.49344262295082
27.495081967213114
27.491803278688526
27.49344262295082
27.49344262295082
27.495081967213114
\
27.49344262295082
27.490163934426228
27.491803278688526
27.495081967213114
27.495081967213114
27.495081967213114
27.491803278688526
27.495081967213114
27.495081967213114
27.498360655737706
27.49672131147541
27.498360655737706
27.49672131147541
27.5
27.498360655737706
27.49672131147541
27.495081967213114
27.49344262295082
27.495081967213114
27.495081967213114
27.495081967213114
27.495081967213114
27.49672131147541
27.498360655737706
27.49672131147541
\
27.491803278688526
27.490163934426228
27.491803278688526
27.49344262295082
27.491803278688526
27.49344262295082
27.491803278688526
27.49344262295082
27.49344262295082
27.49672131147541
27.49672131147541
27.49672131147541
27.49672131147541
27.498360655737706
27.498360655737706
27.495081967213114
27.495081967213114
27.491803278688526
27.495081967213114
27.495081967213114
27.495081967213114
27.49672131147541
27.49672131147541
27.49672131147541
27.495081967213114
\
