26.57704918032787
26.58032786885246
26.58032786885246
26.58360655737705
26.57704918032787
26.58032786885246
26.58032786885246
26.57704918032787
26.572131147540983
26.57704918032787
26.572131147540983
26.572131147540983
26.58032786885246
26.572131147540983
26.572131147540983
26.572131147540983
26.57704918032787
26.572131147540983
26.572131147540983
26.572131147540983
26.572131147540983
\
26.562295081967214
26.562295081967214
26.562295081967214
26.572131147540983
26.562295081967214
26.562295081967214
26.562295081967214
26.572131147540983
26.562295081967214
26.562295081967214
26.562295081967214
26.562295081967214
26.562295081967214
26.559016393442622
26.559016393442622
26.559016393442622
26.562295081967214
26.557377049180328
26.559016393442622
26.555737704918034
26.555737704918034
\
26.572131147540983
26.572131147540983
26.562295081967214
26.572131147540983
26.562295081967214
26.57377049180328
26.572131147540983
26.562295081967214
26.557377049180328
26.562295081967214
26.572131147540983
26.559016393442622
26.560655737704916
26.557377049180328
26.557377049180328
26.555737704918034
26.560655737704916
26.555737704918034
26.559016393442622
26.555737704918034
26.555737704918034
\
26.56393442622951
26.562295081967214
26.562295081967214
26.562295081967214
26.560655737704916
26.559016393442622
26.562295081967214
26.562295081967214
26.555737704918034
26.555737704918034
26.555737704918034
26.549180327868854
26.552459016393442
26.549180327868854
26.549180327868854
26.549180327868854
26.555737704918034
26.549180327868854
26.555737704918034
26.549180327868854
26.547540983606556
\
26.555737704918034
26.555737704918034
26.552459016393442
26.572131147540983
26.562295081967214
26.562295081967214
26.562295081967214
26.562295081967214
26.555737704918034
26.555737704918034
26.560655737704916
26.560655737704916
26.552459016393442
26.549180327868854
26.549180327868854
26.549180327868854
26.547540983606556
26.547540983606556
26.547540983606556
26.542622950819673
26.549180327868854
26.542622950819673
26.549180327868854
26.549180327868854
26.542622950819673
\
26.549180327868854
26.552459016393442
26.555737704918034
26.572131147540983
26.562295081967214
26.562295081967214
26.562295081967214
26.562295081967214
26.552459016393442
26.555737704918034
26.557377049180328
26.555737704918034
26.542622950819673
26.54590163934426
26.547540983606556
26.54590163934426
26.54590163934426
26.542622950819673
26.54590163934426
26.54590163934426
26.547540983606556
26.542622950819673
26.54590163934426
26.542622950819673
26.542622950819673
\
26.547540983606556
26.549180327868854
26.555737704918034
26.562295081967214
26.562295081967214
26.560655737704916
26.562295081967214
26.557377049180328
26.552459016393442
26.555737704918034
26.557377049180328
26.549180327868854
26.536065573770493
26.547540983606556
26.54590163934426
26.54590163934426
26.54590163934426
26.54590163934426
26.542622950819673
26.542622950819673
26.54590163934426
26.542622950819673
26.54590163934426
26.542622950819673
26.53934426229508
\
26.54590163934426
26.549180327868854
26.549180327868854
26.562295081967214
26.562295081967214
26.559016393442622
26.560655737704916
26.557377049180328
26.552459016393442
26.557377049180328
26.549180327868854
26.547540983606556
26.536065573770493
26.54590163934426
26.54590163934426
26.542622950819673
26.54590163934426
26.542622950819673
26.536065573770493
26.537704918032787
26.547540983606556
26.536065573770493
26.542622950819673
26.54590163934426
26.536065573770493
\
26.542622950819673
26.547540983606556
26.549180327868854
26.560655737704916
26.555737704918034
26.552459016393442
26.557377049180328
26.555737704918034
26.549180327868854
26.549180327868854
26.549180327868854
26.547540983606556
26.537704918032787
26.542622950819673
26.54590163934426
26.542622950819673
26.547540983606556
26.536065573770493
26.536065573770493
26.542622950819673
26.54590163934426
26.536065573770493
26.542622950819673
26.542622950819673
26.537704918032787
\
26.542622950819673
26.54590163934426
26.549180327868854
26.559016393442622
26.555737704918034
26.552459016393442
26.559016393442622
26.557377049180328
26.547540983606556
26.549180327868854
26.549180327868854
26.549180327868854
26.537704918032787
26.54590163934426
26.547540983606556
26.54590163934426
26.549180327868854
26.542622950819673
26.53934426229508
26.542622950819673
26.54590163934426
26.547540983606556
26.549180327868854
26.549180327868854
26.542622950819673
\
26.53934426229508
26.54590163934426
26.54590163934426
26.555737704918034
26.549180327868854
26.552459016393442
26.557377049180328
26.552459016393442
26.547540983606556
26.549180327868854
26.549180327868854
26.549180327868854
26.542622950819673
26.54590163934426
26.555737704918034
26.549180327868854
26.549180327868854
26.547540983606556
26.542622950819673
26.542622950819673
26.549180327868854
26.54590163934426
26.552459016393442
26.549180327868854
26.547540983606556
\
26.54590163934426
26.549180327868854
26.549180327868854
26.559016393442622
26.555737704918034
26.557377049180328
26.560655737704916
26.555737704918034
26.549180327868854
26.552459016393442
26.552459016393442
26.555737704918034
26.559016393442622
26.562295081967214
26.562295081967214
26.555737704918034
26.552459016393442
26.549180327868854
26.54590163934426
26.54590163934426
26.555737704918034
26.54590163934426
26.557377049180328
26.557377049180328
26.552459016393442
\
26.542622950819673
26.547540983606556
26.549180327868854
26.559016393442622
26.552459016393442
26.555737704918034
26.562295081967214
26.559016393442622
26.549180327868854
26.552459016393442
26.549180327868854
26.562295081967214
26.562295081967214
26.562295081967214
26.572131147540983
26.557377049180328
26.552459016393442
26.549180327868854
26.54590163934426
26.549180327868854
26.555737704918034
26.552459016393442
26.557377049180328
26.555737704918034
26.549180327868854
\
26.549180327868854
26.549180327868854
26.555737704918034
26.562295081967214
26.555737704918034
26.555737704918034
26.560655737704916
26.559016393442622
26.549180327868854
26.549180327868854
26.555737704918034
26.562295081967214
26.572131147540983
26.572131147540983
26.572131147540983
26.559016393442622
26.555737704918034
26.555737704918034
26.555737704918034
26.555737704918034
26.560655737704916
26.557377049180328
26.562295081967214
26.560655737704916
26.549180327868854
\
26.555737704918034
26.549180327868854
26.552459016393442
26.560655737704916
26.552459016393442
26.559016393442622
26.557377049180328
26.555737704918034
26.555737704918034
26.555737704918034
26.555737704918034
26.572131147540983
26.56393442622951
26.572131147540983
26.572131147540983
26.560655737704916
26.562295081967214
26.557377049180328
26.557377049180328
26.559016393442622
26.562295081967214
26.560655737704916
26.562295081967214
26.562295081967214
26.552459016393442
\
26.547540983606556
26.547540983606556
26.552459016393442
26.555737704918034
26.552459016393442
26.549180327868854
26.557377049180328
26.552459016393442
26.549180327868854
26.552459016393442
26.562295081967214
26.572131147540983
26.562295081967214
26.562295081967214
26.562295081967214
26.559016393442622
26.560655737704916
26.559016393442622
26.562295081967214
26.557377049180328
26.557377049180328
26.562295081967214
26.562295081967214
26.562295081967214
26.552459016393442
\
