28.488524590163934
28.485245901639345
28.504918032786886
28.495081967213114
28.498360655737706
28.495081967213114
28.501639344262294
28.49672131147541
28.509836065573772
28.50655737704918
28.509836065573772
28.508196721311474
28.509836065573772
28.511475409836066
28.514754098360655
28.511475409836066
28.509836065573772
28.509836065573772
28.509836065573772
28.504918032786886
28.508196721311474
\
28.485245901639345
28.481967213114753
28.498360655737706
28.491803278688526
28.49672131147541
28.49344262295082
28.5
28.491803278688526
28.504918032786886
28.498360655737706
28.501639344262294
28.504918032786886
28.50655737704918
28.508196721311474
28.508196721311474
28.509836065573772
28.504918032786886
28.508196721311474
28.50655737704918
28.498360655737706
28.504918032786886
\
28.491803278688526
28.483606557377048
28.498360655737706
28.491803278688526
28.498360655737706
28.498360655737706
28.498360655737706
28.491803278688526
28.498360655737706
28.498360655737706
28.498360655737706
28.501639344262294
28.50655737704918
28.501639344262294
28.50655737704918
28.508196721311474
28.50655737704918
28.509836065573772
28.509836065573772
28.503278688524592
28.50655737704918
\
28.491803278688526
28.481967213114753
28.495081967213114
28.488524590163934
28.495081967213114
28.495081967213114
28.498360655737706
28.491803278688526
28.498360655737706
28.495081967213114
28.495081967213114
28.5
28.49672131147541
28.504918032786886
28.504918032786886
28.504918032786886
28.508196721311474
28.508196721311474
28.508196721311474
28.498360655737706
28.508196721311474
\
28.485245901639345
28.485245901639345
28.498360655737706
28.49344262295082
28.48688524590164
28.478688524590165
28.488524590163934
28.488524590163934
28.491803278688526
28.491803278688526
28.491803278688526
28.485245901639345
28.495081967213114
28.48688524590164
28.491803278688526
28.495081967213114
28.49344262295082
28.498360655737706
28.504918032786886
28.501639344262294
28.501639344262294
28.50655737704918
28.50655737704918
28.5
28.498360655737706
\
28.485245901639345
28.488524590163934
28.498360655737706
28.495081967213114
28.488524590163934
28.481967213114753
28.488524590163934
28.488524590163934
28.495081967213114
28.491803278688526
28.495081967213114
28.488524590163934
28.495081967213114
28.488524590163934
28.491803278688526
28.498360655737706
28.49672131147541
28.498360655737706
28.501639344262294
28.504918032786886
28.501639344262294
28.509836065573772
28.503278688524592
28.498360655737706
28.504918032786886
\
28.48688524590164
28.488524590163934
28.5
28.495081967213114
28.488524590163934
28.481967213114753
28.488524590163934
28.488524590163934
28.491803278688526
28.488524590163934
28.491803278688526
28.48688524590164
28.48688524590164
28.488524590163934
28.491803278688526
28.49344262295082
28.495081967213114
28.498360655737706
28.504918032786886
28.504918032786886
28.501639344262294
28.509836065573772
28.498360655737706
28.501639344262294
28.5
\
28.48688524590164
28.485245901639345
28.498360655737706
28.491803278688526
28.48688524590164
28.481967213114753
28.488524590163934
28.485245901639345
28.48688524590164
28.488524590163934
28.488524590163934
28.485245901639345
28.491803278688526
28.488524590163934
28.488524590163934
28.491803278688526
28.495081967213114
28.501639344262294
28.504918032786886
28.508196721311474
28.501639344262294
28.509836065573772
28.504918032786886
28.495081967213114
28.495081967213114
\
28.485245901639345
28.485245901639345
28.498360655737706
28.49672131147541
28.488524590163934
28.483606557377048
28.491803278688526
28.48688524590164
28.491803278688526
28.495081967213114
28.488524590163934
28.48688524590164
28.488524590163934
28.48688524590164
28.491803278688526
28.498360655737706
28.495081967213114
28.504918032786886
28.504918032786886
28.508196721311474
28.50655737704918
28.508196721311474
28.509836065573772
28.498360655737706
28.501639344262294
\
28.48688524590164
28.48688524590164
28.5
28.491803278688526
28.48688524590164
28.481967213114753
28.488524590163934
28.48688524590164
28.488524590163934
28.491803278688526
28.488524590163934
28.485245901639345
28.491803278688526
28.488524590163934
28.491803278688526
28.498360655737706
28.498360655737706
28.501639344262294
28.501639344262294
28.504918032786886
28.504918032786886
28.508196721311474
28.50655737704918
28.495081967213114
28.501639344262294
\
28.481967213114753
28.485245901639345
28.488524590163934
28.488524590163934
28.48688524590164
28.478688524590165
28.48688524590164
28.483606557377048
28.48688524590164
28.488524590163934
28.488524590163934
28.483606557377048
28.48688524590164
28.488524590163934
28.488524590163934
28.495081967213114
28.491803278688526
28.498360655737706
28.495081967213114
28.498360655737706
28.501639344262294
28.508196721311474
28.501639344262294
28.491803278688526
28.498360655737706
\
28.481967213114753
28.491803278688526
28.491803278688526
28.488524590163934
28.48688524590164
28.478688524590165
28.488524590163934
28.488524590163934
28.48688524590164
28.488524590163934
28.495081967213114
28.488524590163934
28.488524590163934
28.488524590163934
28.491803278688526
28.495081967213114
28.488524590163934
28.503278688524592
28.495081967213114
28.495081967213114
28.498360655737706
28.501639344262294
28.501639344262294
28.49344262295082
28.498360655737706
\
28.488524590163934
28.488524590163934
28.495081967213114
28.485245901639345
28.488524590163934
28.481967213114753
28.491803278688526
28.488524590163934
28.495081967213114
28.498360655737706
28.501639344262294
28.49672131147541
28.501639344262294
28.498360655737706
28.5
28.498360655737706
28.491803278688526
28.498360655737706
28.498360655737706
28.498360655737706
28.508196721311474
28.508196721311474
28.501639344262294
28.491803278688526
28.498360655737706
\
28.49672131147541
28.490163934426228
28.49344262295082
28.488524590163934
28.48688524590164
28.478688524590165
28.491803278688526
28.49344262295082
28.498360655737706
28.501639344262294
28.504918032786886
28.498360655737706
28.508196721311474
28.498360655737706
28.498360655737706
28.501639344262294
28.491803278688526
28.501639344262294
28.503278688524592
28.498360655737706
28.504918032786886
28.508196721311474
28.504918032786886
28.495081967213114
28.501639344262294
\
28.498360655737706
28.491803278688526
28.498360655737706
28.488524590163934
28.485245901639345
28.481967213114753
28.501639344262294
28.498360655737706
28.508196721311474
28.50655737704918
28.508196721311474
28.498360655737706
28.509836065573772
28.501639344262294
28.498360655737706
28.5
28.491803278688526
28.498360655737706
28.504918032786886
28.498360655737706
28.503278688524592
28.50655737704918
28.50655737704918
28.495081967213114
28.501639344262294
\
28.498360655737706
28.488524590163934
28.49672131147541
28.488524590163934
28.485245901639345
28.481967213114753
28.498360655737706
28.498360655737706
28.503278688524592
28.501639344262294
28.508196721311474
28.501639344262294
28.509836065573772
28.498360655737706
28.5
28.5
28.495081967213114
28.498360655737706
28.498360655737706
28.498360655737706
28.495081967213114
28.504918032786886
28.5
28.49344262295082
28.501639344262294
\
