26.524590163934427
26.522950819672133
26.51967213114754
26.51967213114754
26.5327868852459
26.524590163934427
26.524590163934427
26.5327868852459
26.524590163934427
26.51967213114754
26.51967213114754
26.522950819672133
26.51967213114754
26.522950819672133
26.518032786885247
26.518032786885247
26.51967213114754
26.51967213114754
26.524590163934427
26.522950819672133
26.522950819672133
\
26.524590163934427
26.518032786885247
26.516393442622952
26.516393442622952
26.51967213114754
26.518032786885247
26.516393442622952
26.51967213114754
26.51967213114754
26.516393442622952
26.516393442622952
26.516393442622952
26.51967213114754
26.51967213114754
26.516393442622952
26.514754098360655
26.516393442622952
26.51311475409836
26.516393442622952
26.516393442622952
26.516393442622952
\
26.51967213114754
26.522950819672133
26.516393442622952
26.518032786885247
26.516393442622952
26.518032786885247
26.51967213114754
26.51967213114754
26.51967213114754
26.518032786885247
26.516393442622952
26.518032786885247
26.51967213114754
26.522950819672133
26.514754098360655
26.514754098360655
26.518032786885247
26.516393442622952
26.518032786885247
26.51967213114754
26.518032786885247
\
26.51967213114754
26.516393442622952
26.514754098360655
26.516393442622952
26.518032786885247
26.518032786885247
26.516393442622952
26.51967213114754
26.51967213114754
26.516393442622952
26.516393442622952
26.516393442622952
26.51967213114754
26.51967213114754
26.514754098360655
26.511475409836066
26.516393442622952
26.516393442622952
26.516393442622952
26.514754098360655
26.518032786885247
\
26.518032786885247
26.51967213114754
26.518032786885247
26.522950819672133
26.524590163934427
26.51967213114754
26.514754098360655
26.514754098360655
26.51967213114754
26.522950819672133
26.518032786885247
26.522950819672133
26.518032786885247
26.516393442622952
26.511475409836066
26.511475409836066
26.51967213114754
26.51967213114754
26.511475409836066
26.508196721311474
26.51311475409836
26.511475409836066
26.511475409836066
26.511475409836066
26.516393442622952
\
26.518032786885247
26.516393442622952
26.518032786885247
26.522950819672133
26.524590163934427
26.516393442622952
26.51311475409836
26.514754098360655
26.51967213114754
26.51967213114754
26.51967213114754
26.516393442622952
26.511475409836066
26.511475409836066
26.511475409836066
26.511475409836066
26.516393442622952
26.518032786885247
26.511475409836066
26.508196721311474
26.51311475409836
26.503278688524592
26.509836065573772
26.511475409836066
26.511475409836066
\
26.518032786885247
26.518032786885247
26.51967213114754
26.524590163934427
26.522950819672133
26.518032786885247
26.511475409836066
26.514754098360655
26.51967213114754
26.524590163934427
26.516393442622952
26.51311475409836
26.508196721311474
26.508196721311474
26.509836065573772
26.511475409836066
26.516393442622952
26.514754098360655
26.508196721311474
26.508196721311474
26.514754098360655
26.514754098360655
26.508196721311474
26.508196721311474
26.508196721311474
\
26.516393442622952
26.516393442622952
26.516393442622952
26.522950819672133
26.522950819672133
26.51967213114754
26.514754098360655
26.514754098360655
26.516393442622952
26.516393442622952
26.516393442622952
26.516393442622952
26.508196721311474
26.503278688524592
26.511475409836066
26.511475409836066
26.516393442622952
26.516393442622952
26.511475409836066
26.508196721311474
26.51311475409836
26.511475409836066
26.511475409836066
26.511475409836066
26.511475409836066
\
26.511475409836066
26.514754098360655
26.51311475409836
26.51967213114754
26.524590163934427
26.516393442622952
26.509836065573772
26.511475409836066
26.51311475409836
26.514754098360655
26.511475409836066
26.511475409836066
26.508196721311474
26.503278688524592
26.511475409836066
26.508196721311474
26.511475409836066
26.51311475409836
26.508196721311474
26.501639344262294
26.511475409836066
26.509836065573772
26.503278688524592
26.508196721311474
26.503278688524592
\
26.511475409836066
26.511475409836066
26.51311475409836
26.51967213114754
26.51967213114754
26.51311475409836
26.509836065573772
26.511475409836066
26.511475409836066
26.511475409836066
26.508196721311474
26.508196721311474
26.501639344262294
26.503278688524592
26.508196721311474
26.5
26.511475409836066
26.51311475409836
26.503278688524592
26.49672131147541
26.508196721311474
26.508196721311474
26.503278688524592
26.501639344262294
26.5
\
26.516393442622952
26.511475409836066
26.511475409836066
26.516393442622952
26.51967213114754
26.518032786885247
26.511475409836066
26.511475409836066
26.511475409836066
26.511475409836066
26.509836065573772
26.508196721311474
26.501639344262294
26.503278688524592
26.509836065573772
26.503278688524592
26.511475409836066
26.51311475409836
26.503278688524592
26.498360655737706
26.503278688524592
26.501639344262294
26.503278688524592
26.501639344262294
26.501639344262294
\
26.511475409836066
26.518032786885247
26.51967213114754
26.51967213114754
26.522950819672133
26.524590163934427
26.514754098360655
26.518032786885247
26.516393442622952
26.516393442622952
26.511475409836066
26.516393442622952
26.51311475409836
26.508196721311474
26.511475409836066
26.511475409836066
26.516393442622952
26.518032786885247
26.509836065573772
26.503278688524592
26.51311475409836
26.511475409836066
26.511475409836066
26.508196721311474
26.503278688524592
\
26.514754098360655
26.514754098360655
26.522950819672133
26.51967213114754
26.518032786885247
26.518032786885247
26.511475409836066
26.514754098360655
26.514754098360655
26.518032786885247
26.516393442622952
26.522950819672133
26.524590163934427
26.516393442622952
26.518032786885247
26.51311475409836
26.518032786885247
26.518032786885247
26.51311475409836
26.511475409836066
26.51311475409836
26.511475409836066
26.51311475409836
26.511475409836066
26.509836065573772
\
26.51311475409836
26.516393442622952
26.514754098360655
26.51967213114754
26.51967213114754
26.516393442622952
26.511475409836066
26.514754098360655
26.516393442622952
26.518032786885247
26.51967213114754
26.522950819672133
26.524590163934427
26.51967213114754
26.524590163934427
26.518032786885247
26.51967213114754
26.524590163934427
26.518032786885247
26.514754098360655
26.524590163934427
26.518032786885247
26.514754098360655
26.514754098360655
26.51311475409836
\
26.51311475409836
26.516393442622952
26.516393442622952
26.51967213114754
26.51967213114754
26.518032786885247
26.51311475409836
26.516393442622952
26.516393442622952
26.51967213114754
26.51967213114754
26.524590163934427
26.521311475409835
26.516393442622952
26.516393442622952
26.518032786885247
26.51967213114754
26.518032786885247
26.516393442622952
26.51311475409836
26.514754098360655
26.516393442622952
26.514754098360655
26.516393442622952
26.514754098360655
\
26.516393442622952
26.518032786885247
26.518032786885247
26.51967213114754
26.521311475409835
26.524590163934427
26.51311475409836
26.516393442622952
26.51967213114754
26.51967213114754
26.51311475409836
26.51967213114754
26.524590163934427
26.514754098360655
26.516393442622952
26.516393442622952
26.516393442622952
26.51967213114754
26.518032786885247
26.51311475409836
26.518032786885247
26.516393442622952
26.518032786885247
26.518032786885247
26.518032786885247
\
