27.481967213114753
27.481967213114753
27.488524590163934
27.481967213114753
27.478688524590165
27.483606557377048
27.488524590163934
27.483606557377048
27.48688524590164
27.49344262295082
27.491803278688526
27.488524590163934
27.488524590163934
27.495081967213114
27.488524590163934
27.488524590163934
27.488524590163934
27.488524590163934
27.483606557377048
27.49344262295082
27.495081967213114
\
27.478688524590165
27.478688524590165
27.483606557377048
27.450819672131146
27.450819672131146
27.478688524590165
27.483606557377048
27.481967213114753
27.481967213114753
27.488524590163934
27.48688524590164
27.488524590163934
27.485245901639345
27.491803278688526
27.488524590163934
27.485245901639345
27.481967213114753
27.481967213114753
27.483606557377048
27.485245901639345
27.485245901639345
\
27.478688524590165
27.481967213114753
27.485245901639345
27.478688524590165
27.481967213114753
27.481967213114753
27.483606557377048
27.481967213114753
27.450819672131146
27.488524590163934
27.488524590163934
27.485245901639345
27.485245901639345
27.488524590163934
27.488524590163934
27.485245901639345
27.483606557377048
27.481967213114753
27.483606557377048
27.488524590163934
27.491803278688526
\
27.478688524590165
27.481967213114753
27.481967213114753
27.481967213114753
27.481967213114753
27.483606557377048
27.483606557377048
27.481967213114753
27.450819672131146
27.485245901639345
27.488524590163934
27.485245901639345
27.485245901639345
27.488524590163934
27.488524590163934
27.485245901639345
27.481967213114753
27.490163934426228
27.488524590163934
27.49344262295082
27.491803278688526
\
27.481967213114753
27.490163934426228
27.488524590163934
27.488524590163934
27.483606557377048
27.481967213114753
27.481967213114753
27.450819672131146
27.481967213114753
27.483606557377048
27.483606557377048
27.481967213114753
27.477049180327867
27.485245901639345
27.485245901639345
27.488524590163934
27.48688524590164
27.488524590163934
27.48688524590164
27.485245901639345
27.481967213114753
27.488524590163934
27.488524590163934
27.488524590163934
27.488524590163934
\
27.478688524590165
27.48688524590164
27.485245901639345
27.490163934426228
27.485245901639345
27.481967213114753
27.481967213114753
27.481967213114753
27.481967213114753
27.483606557377048
27.483606557377048
27.481967213114753
27.478688524590165
27.483606557377048
27.483606557377048
27.485245901639345
27.485245901639345
27.488524590163934
27.488524590163934
27.488524590163934
27.483606557377048
27.490163934426228
27.488524590163934
27.488524590163934
27.488524590163934
\
27.481967213114753
27.488524590163934
27.488524590163934
27.488524590163934
27.481967213114753
27.481967213114753
27.477049180327867
27.481967213114753
27.481967213114753
27.483606557377048
27.483606557377048
27.481967213114753
27.452459016393444
27.483606557377048
27.483606557377048
27.481967213114753
27.483606557377048
27.490163934426228
27.488524590163934
27.488524590163934
27.481967213114753
27.488524590163934
27.488524590163934
27.488524590163934
27.491803278688526
\
27.483606557377048
27.488524590163934
27.488524590163934
27.488524590163934
27.483606557377048
27.481967213114753
27.481967213114753
27.478688524590165
27.478688524590165
27.478688524590165
27.481967213114753
27.481967213114753
27.450819672131146
27.481967213114753
27.483606557377048
27.483606557377048
27.483606557377048
27.488524590163934
27.491803278688526
27.488524590163934
27.485245901639345
27.488524590163934
27.48688524590164
27.491803278688526
27.495081967213114
\
27.483606557377048
27.488524590163934
27.488524590163934
27.488524590163934
27.485245901639345
27.483606557377048
27.481967213114753
27.478688524590165
27.481967213114753
27.450819672131146
27.481967213114753
27.477049180327867
27.450819672131146
27.481967213114753
27.481967213114753
27.483606557377048
27.485245901639345
27.488524590163934
27.488524590163934
27.488524590163934
27.483606557377048
27.488524590163934
27.488524590163934
27.488524590163934
27.49344262295082
\
27.48688524590164
27.488524590163934
27.488524590163934
27.48688524590164
27.483606557377048
27.483606557377048
27.481967213114753
27.478688524590165
27.481967213114753
27.478688524590165
27.478688524590165
27.450819672131146
27.450819672131146
27.481967213114753
27.483606557377048
27.48688524590164
27.488524590163934
27.488524590163934
27.488524590163934
27.485245901639345
27.483606557377048
27.488524590163934
27.488524590163934
27.488524590163934
27.491803278688526
\
27.481967213114753
27.48688524590164
27.485245901639345
27.488524590163934
27.481967213114753
27.481967213114753
27.481967213114753
27.478688524590165
27.481967213114753
27.478688524590165
27.450819672131146
27.450819672131146
27.450819672131146
27.478688524590165
27.481967213114753
27.483606557377048
27.485245901639345
27.488524590163934
27.488524590163934
27.490163934426228
27.483606557377048
27.490163934426228
27.488524590163934
27.488524590163934
27.491803278688526
\
27.481967213114753
27.483606557377048
27.483606557377048
27.488524590163934
27.481967213114753
27.478688524590165
27.481967213114753
27.477049180327867
27.481967213114753
27.481967213114753
27.481967213114753
27.478688524590165
27.450819672131146
27.481967213114753
27.483606557377048
27.483606557377048
27.481967213114753
27.488524590163934
27.490163934426228
27.490163934426228
27.483606557377048
27.488524590163934
27.48688524590164
27.48688524590164
27.488524590163934
\
27.481967213114753
27.485245901639345
27.481967213114753
27.481967213114753
27.481967213114753
27.481967213114753
27.478688524590165
27.477049180327867
27.481967213114753
27.481967213114753
27.481967213114753
27.481967213114753
27.481967213114753
27.485245901639345
27.483606557377048
27.481967213114753
27.478688524590165
27.490163934426228
27.485245901639345
27.483606557377048
27.481967213114753
27.485245901639345
27.483606557377048
27.485245901639345
27.488524590163934
\
27.481967213114753
27.485245901639345
27.483606557377048
27.48688524590164
27.481967213114753
27.481967213114753
27.481967213114753
27.48688524590164
27.483606557377048
27.485245901639345
27.485245901639345
27.483606557377048
27.481967213114753
27.488524590163934
27.485245901639345
27.485245901639345
27.481967213114753
27.48688524590164
27.488524590163934
27.483606557377048
27.481967213114753
27.48688524590164
27.485245901639345
27.485245901639345
27.491803278688526
\
27.481967213114753
27.48688524590164
27.485245901639345
27.485245901639345
27.481967213114753
27.481967213114753
27.483606557377048
27.483606557377048
27.488524590163934
27.485245901639345
27.488524590163934
27.48688524590164
27.485245901639345
27.488524590163934
27.485245901639345
27.485245901639345
27.481967213114753
27.483606557377048
27.48688524590164
27.48688524590164
27.481967213114753
27.481967213114753
27.485245901639345
27.48688524590164
27.488524590163934
\
27.481967213114753
27.488524590163934
27.48688524590164
27.488524590163934
27.481967213114753
27.481967213114753
27.488524590163934
27.48688524590164
27.488524590163934
27.488524590163934
27.49344262295082
27.485245901639345
27.485245901639345
27.49344262295082
27.485245901639345
27.485245901639345
27.481967213114753
27.483606557377048
27.483606557377048
27.483606557377048
27.481967213114753
27.481967213114753
27.483606557377048
27.485245901639345
27.485245901639345
\
