26.542622950819673
26.5327868852459
26.53934426229508
26.540983606557376
26.5327868852459
26.542622950819673
26.542622950819673
26.542622950819673
26.542622950819673
26.529508196721313
26.529508196721313
26.531147540983607
26.529508196721313
26.5327868852459
26.540983606557376
26.542622950819673
26.529508196721313
26.529508196721313
26.522950819672133
26.5327868852459
26.540983606557376
\
26.529508196721313
26.529508196721313
26.529508196721313
26.529508196721313
26.52622950819672
26.529508196721313
26.529508196721313
26.5327868852459
26.5327868852459
26.522950819672133
26.52622950819672
26.529508196721313
26.52622950819672
26.529508196721313
26.529508196721313
26.529508196721313
26.516393442622952
26.522950819672133
26.518032786885247
26.5327868852459
26.529508196721313
\
26.53934426229508
26.529508196721313
26.5327868852459
26.5327868852459
26.52622950819672
26.529508196721313
26.5327868852459
26.534426229508195
26.540983606557376
26.52622950819672
26.529508196721313
26.529508196721313
26.534426229508195
26.529508196721313
26.529508196721313
26.529508196721313
26.522950819672133
26.524590163934427
26.518032786885247
26.531147540983607
26.534426229508195
\
26.542622950819673
26.529508196721313
26.53934426229508
26.5327868852459
26.529508196721313
26.53934426229508
26.53934426229508
26.542622950819673
26.542622950819673
26.52622950819672
26.529508196721313
26.529508196721313
26.531147540983607
26.529508196721313
26.529508196721313
26.531147540983607
26.51967213114754
26.524590163934427
26.51967213114754
26.5327868852459
26.53934426229508
\
26.542622950819673
26.542622950819673
26.542622950819673
26.544262295081968
26.542622950819673
26.540983606557376
26.540983606557376
26.542622950819673
26.5327868852459
26.53934426229508
26.540983606557376
26.542622950819673
26.529508196721313
26.522950819672133
26.524590163934427
26.529508196721313
26.529508196721313
26.52622950819672
26.529508196721313
26.529508196721313
26.518032786885247
26.522950819672133
26.518032786885247
26.529508196721313
26.53934426229508
\
26.542622950819673
26.542622950819673
26.540983606557376
26.544262295081968
26.544262295081968
26.542622950819673
26.542622950819673
26.542622950819673
26.5327868852459
26.5327868852459
26.542622950819673
26.542622950819673
26.5327868852459
26.522950819672133
26.52622950819672
26.529508196721313
26.529508196721313
26.529508196721313
26.53934426229508
26.531147540983607
26.51967213114754
26.529508196721313
26.51967213114754
26.531147540983607
26.540983606557376
\
26.542622950819673
26.542622950819673
26.544262295081968
26.555737704918034
26.54590163934426
26.544262295081968
26.542622950819673
26.542622950819673
26.5327868852459
26.542622950819673
26.542622950819673
26.542622950819673
26.5327868852459
26.522950819672133
26.529508196721313
26.5327868852459
26.529508196721313
26.52622950819672
26.531147540983607
26.5327868852459
26.52622950819672
26.529508196721313
26.52622950819672
26.5327868852459
26.542622950819673
\
26.544262295081968
26.542622950819673
26.542622950819673
26.54590163934426
26.555737704918034
26.544262295081968
26.544262295081968
26.544262295081968
26.540983606557376
26.542622950819673
26.542622950819673
26.540983606557376
26.5327868852459
26.522950819672133
26.52622950819672
26.529508196721313
26.529508196721313
26.529508196721313
26.534426229508195
26.53934426229508
26.522950819672133
26.529508196721313
26.52622950819672
26.5327868852459
26.542622950819673
\
26.540983606557376
26.5327868852459
26.53934426229508
26.54590163934426
26.544262295081968
26.542622950819673
26.544262295081968
26.544262295081968
26.5327868852459
26.53934426229508
26.5327868852459
26.5327868852459
26.529508196721313
26.51967213114754
26.52622950819672
26.529508196721313
26.529508196721313
26.52622950819672
26.529508196721313
26.5327868852459
26.522950819672133
26.52622950819672
26.522950819672133
26.529508196721313
26.53934426229508
\
26.542622950819673
26.5327868852459
26.542622950819673
26.544262295081968
26.555737704918034
26.542622950819673
26.544262295081968
26.542622950819673
26.5327868852459
26.53934426229508
26.53934426229508
26.5327868852459
26.529508196721313
26.51967213114754
26.52622950819672
26.529508196721313
26.529508196721313
26.52622950819672
26.534426229508195
26.529508196721313
26.522950819672133
26.52622950819672
26.522950819672133
26.5327868852459
26.542622950819673
\
26.544262295081968
26.540983606557376
26.542622950819673
26.544262295081968
26.544262295081968
26.542622950819673
26.544262295081968
26.544262295081968
26.5327868852459
26.53934426229508
26.53934426229508
26.540983606557376
26.529508196721313
26.522950819672133
26.5327868852459
26.5327868852459
26.529508196721313
26.529508196721313
26.534426229508195
26.529508196721313
26.522950819672133
26.52622950819672
26.522950819672133
26.5327868852459
26.542622950819673
\
26.542622950819673
26.540983606557376
26.542622950819673
26.544262295081968
26.544262295081968
26.542622950819673
26.544262295081968
26.544262295081968
26.5327868852459
26.5327868852459
26.53934426229508
26.542622950819673
26.542622950819673
26.540983606557376
26.542622950819673
26.542622950819673
26.529508196721313
26.52622950819672
26.529508196721313
26.529508196721313
26.522950819672133
26.522950819672133
26.522950819672133
26.542622950819673
26.540983606557376
\
26.5327868852459
26.540983606557376
26.542622950819673
26.542622950819673
26.544262295081968
26.542622950819673
26.542622950819673
26.542622950819673
26.529508196721313
26.529508196721313
26.534426229508195
26.542622950819673
26.542622950819673
26.5327868852459
26.542622950819673
26.542622950819673
26.529508196721313
26.529508196721313
26.529508196721313
26.529508196721313
26.522950819672133
26.527868852459015
26.522950819672133
26.53934426229508
26.53934426229508
\
26.5327868852459
26.5327868852459
26.540983606557376
26.542622950819673
26.540983606557376
26.53934426229508
26.542622950819673
26.542622950819673
26.529508196721313
26.529508196721313
26.529508196721313
26.540983606557376
26.542622950819673
26.5327868852459
26.542622950819673
26.53934426229508
26.529508196721313
26.52622950819672
26.529508196721313
26.529508196721313
26.52622950819672
26.529508196721313
26.522950819672133
26.5327868852459
26.5327868852459
\
26.5327868852459
26.5327868852459
26.542622950819673
26.542622950819673
26.542622950819673
26.53934426229508
26.540983606557376
26.5327868852459
26.529508196721313
26.531147540983607
26.529508196721313
26.542622950819673
26.542622950819673
26.52622950819672
26.531147540983607
26.5327868852459
26.53934426229508
26.52622950819672
26.529508196721313
26.52622950819672
26.522950819672133
26.529508196721313
26.51967213114754
26.529508196721313
26.53934426229508
\
26.5327868852459
26.5327868852459
26.540983606557376
26.542622950819673
26.540983606557376
26.540983606557376
26.542622950819673
26.5327868852459
26.527868852459015
26.5327868852459
26.53934426229508
26.544262295081968
26.542622950819673
26.529508196721313
26.529508196721313
26.540983606557376
26.5327868852459
26.529508196721313
26.5327868852459
26.529508196721313
26.529508196721313
26.52622950819672
26.522950819672133
26.534426229508195
26.53934426229508
\
