26.41639344262295
26.414754098360657
26.411475409836065
26.41639344262295
26.421311475409837
26.41967213114754
26.418032786885245
26.41967213114754
26.42622950819672
26.427868852459017
26.427868852459017
26.41967213114754
26.421311475409837
26.424590163934425
26.424590163934425
26.41967213114754
26.41639344262295
26.41967213114754
26.42622950819672
26.42295081967213
26.42295081967213
\
26.40655737704918
26.408196721311477
26.40327868852459
26.408196721311477
26.408196721311477
26.41311475409836
26.41311475409836
26.411475409836065
26.41639344262295
26.41639344262295
26.41967213114754
26.41311475409836
26.41311475409836
26.414754098360657
26.41311475409836
26.411475409836065
26.404918032786885
26.411475409836065
26.414754098360657
26.414754098360657
26.41311475409836
\
26.411475409836065
26.411475409836065
26.40655737704918
26.411475409836065
26.411475409836065
26.41311475409836
26.41639344262295
26.41311475409836
26.414754098360657
26.41639344262295
26.418032786885245
26.41311475409836
26.41311475409836
26.414754098360657
26.414754098360657
26.411475409836065
26.40655737704918
26.411475409836065
26.418032786885245
26.418032786885245
26.414754098360657
\
26.411475409836065
26.411475409836065
26.40655737704918
26.411475409836065
26.41311475409836
26.414754098360657
26.41639344262295
26.411475409836065
26.41639344262295
26.41639344262295
26.418032786885245
26.41311475409836
26.414754098360657
26.414754098360657
26.414754098360657
26.411475409836065
26.40655737704918
26.414754098360657
26.418032786885245
26.41967213114754
26.418032786885245
\
26.411475409836065
26.408196721311477
26.411475409836065
26.41311475409836
26.411475409836065
26.40983606557377
26.408196721311477
26.41311475409836
26.41639344262295
26.41639344262295
26.414754098360657
26.41311475409836
26.41639344262295
26.411475409836065
26.41311475409836
26.404918032786885
26.41311475409836
26.414754098360657
26.414754098360657
26.411475409836065
26.40655737704918
26.414754098360657
26.41639344262295
26.41967213114754
26.41967213114754
\
26.414754098360657
26.411475409836065
26.414754098360657
26.41311475409836
26.414754098360657
26.41311475409836
26.411475409836065
26.414754098360657
26.41639344262295
26.41639344262295
26.41639344262295
26.414754098360657
26.414754098360657
26.411475409836065
26.41311475409836
26.408196721311477
26.41311475409836
26.41639344262295
26.418032786885245
26.41311475409836
26.411475409836065
26.41639344262295
26.418032786885245
26.41967213114754
26.421311475409837
\
26.41311475409836
26.411475409836065
26.414754098360657
26.414754098360657
26.41311475409836
26.411475409836065
26.411475409836065
26.41639344262295
26.41967213114754
26.41967213114754
26.418032786885245
26.41311475409836
26.41639344262295
26.41311475409836
26.414754098360657
26.40983606557377
26.41311475409836
26.418032786885245
26.418032786885245
26.411475409836065
26.411475409836065
26.418032786885245
26.418032786885245
26.418032786885245
26.41967213114754
\
26.41639344262295
26.411475409836065
26.41639344262295
26.414754098360657
26.411475409836065
26.414754098360657
26.40983606557377
26.414754098360657
26.41967213114754
26.41639344262295
26.41311475409836
26.408196721311477
26.414754098360657
26.41311475409836
26.41639344262295
26.411475409836065
26.41311475409836
26.414754098360657
26.414754098360657
26.411475409836065
26.411475409836065
26.418032786885245
26.418032786885245
26.418032786885245
26.421311475409837
\
26.411475409836065
26.404918032786885
26.411475409836065
26.411475409836065
26.411475409836065
26.411475409836065
26.411475409836065
26.41311475409836
26.418032786885245
26.414754098360657
26.408196721311477
26.408196721311477
26.41311475409836
26.41311475409836
26.41311475409836
26.404918032786885
26.408196721311477
26.41311475409836
26.411475409836065
26.40655737704918
26.408196721311477
26.41311475409836
26.41639344262295
26.41967213114754
26.418032786885245
\
26.411475409836065
26.404918032786885
26.411475409836065
26.411475409836065
26.411475409836065
26.411475409836065
26.411475409836065
26.411475409836065
26.41311475409836
26.411475409836065
26.40983606557377
26.40655737704918
26.411475409836065
26.411475409836065
26.41639344262295
26.40655737704918
26.411475409836065
26.41311475409836
26.411475409836065
26.40655737704918
26.411475409836065
26.418032786885245
26.421311475409837
26.42295081967213
26.42295081967213
\
26.408196721311477
26.404918032786885
26.411475409836065
26.411475409836065
26.411475409836065
26.41311475409836
26.40983606557377
26.414754098360657
26.411475409836065
26.411475409836065
26.411475409836065
26.408196721311477
26.41311475409836
26.41311475409836
26.42295081967213
26.41311475409836
26.41311475409836
26.414754098360657
26.414754098360657
26.411475409836065
26.408196721311477
26.41967213114754
26.424590163934425
26.427868852459017
26.42950819672131
\
26.41311475409836
26.40327868852459
26.40327868852459
26.408196721311477
26.40655737704918
26.40983606557377
26.40327868852459
26.41311475409836
26.40983606557377
26.41311475409836
26.414754098360657
26.414754098360657
26.42622950819672
26.42622950819672
26.431147540983606
26.41639344262295
26.41311475409836
26.414754098360657
26.41639344262295
26.41311475409836
26.41311475409836
26.418032786885245
26.42295081967213
26.431147540983606
26.431147540983606
\
26.414754098360657
26.408196721311477
26.408196721311477
26.408196721311477
26.404918032786885
26.408196721311477
26.404918032786885
26.408196721311477
26.411475409836065
26.411475409836065
26.414754098360657
26.41967213114754
26.434426229508198
26.431147540983606
26.434426229508198
26.42295081967213
26.41639344262295
26.41639344262295
26.418032786885245
26.418032786885245
26.418032786885245
26.424590163934425
26.427868852459017
26.431147540983606
26.432786885245903
\
26.41967213114754
26.411475409836065
26.411475409836065
26.40655737704918
26.40655737704918
26.408196721311477
26.40655737704918
26.408196721311477
26.40983606557377
26.414754098360657
26.418032786885245
26.41967213114754
26.43606557377049
26.431147540983606
26.434426229508198
26.427868852459017
26.418032786885245
26.41967213114754
26.41967213114754
26.41967213114754
26.421311475409837
26.42950819672131
26.42950819672131
26.431147540983606
26.431147540983606
\
26.42295081967213
26.41311475409836
26.41311475409836
26.408196721311477
26.408196721311477
26.411475409836065
26.40327868852459
26.40655737704918
26.41311475409836
26.418032786885245
26.421311475409837
26.427868852459017
26.437704918032786
26.439344262295084
26.445901639344264
26.431147540983606
26.41967213114754
26.421311475409837
26.42295081967213
26.42295081967213
26.421311475409837
26.42950819672131
26.431147540983606
26.431147540983606
26.432786885245903
\
26.42295081967213
26.41967213114754
26.414754098360657
26.41311475409836
26.411475409836065
26.408196721311477
26.40327868852459
26.40983606557377
26.41311475409836
26.41967213114754
26.427868852459017
26.431147540983606
26.445901639344264
26.455737704918032
26.45409836065574
26.42950819672131
26.421311475409837
26.42622950819672
26.427868852459017
26.424590163934425
26.427868852459017
26.431147540983606
26.432786885245903
26.445901639344264
26.45409836065574
\
