27.509836065573772
27.498360655737706
27.49672131147541
27.49344262295082
27.491803278688526
27.495081967213114
27.491803278688526
27.491803278688526
27.48688524590164
27.49672131147541
27.498360655737706
27.495081967213114
27.495081967213114
27.501639344262294
27.503278688524592
27.5
27.501639344262294
27.501639344262294
27.498360655737706
27.5
27.485245901639345
\
27.504918032786886
27.49344262295082
27.49344262295082
27.48688524590164
27.483606557377048
27.491803278688526
27.485245901639345
27.48688524590164
27.483606557377048
27.491803278688526
27.495081967213114
27.495081967213114
27.5
27.498360655737706
27.501639344262294
27.495081967213114
27.495081967213114
27.495081967213114
27.498360655737706
27.49672131147541
27.481967213114753
\
27.504918032786886
27.495081967213114
27.495081967213114
27.491803278688526
27.490163934426228
27.495081967213114
27.491803278688526
27.49672131147541
27.485245901639345
27.495081967213114
27.495081967213114
27.49672131147541
27.498360655737706
27.498360655737706
27.498360655737706
27.491803278688526
27.491803278688526
27.5
27.495081967213114
27.49672131147541
27.478688524590165
\
27.509836065573772
27.5
27.49672131147541
27.495081967213114
27.498360655737706
27.501639344262294
27.501639344262294
27.508196721311474
27.491803278688526
27.501639344262294
27.504918032786886
27.498360655737706
27.5
27.5
27.5
27.49344262295082
27.49344262295082
27.498360655737706
27.49672131147541
27.49672131147541
27.481967213114753
\
27.504918032786886
27.498360655737706
27.49672131147541
27.50655737704918
27.508196721311474
27.501639344262294
27.501639344262294
27.495081967213114
27.498360655737706
27.50655737704918
27.501639344262294
27.501639344262294
27.491803278688526
27.5
27.50655737704918
27.501639344262294
27.501639344262294
27.5
27.498360655737706
27.498360655737706
27.495081967213114
27.49672131147541
27.495081967213114
27.498360655737706
27.481967213114753
\
27.503278688524592
27.498360655737706
27.498360655737706
27.508196721311474
27.50655737704918
27.504918032786886
27.501639344262294
27.5
27.498360655737706
27.504918032786886
27.5
27.501639344262294
27.48688524590164
27.498360655737706
27.50655737704918
27.501639344262294
27.503278688524592
27.503278688524592
27.504918032786886
27.498360655737706
27.498360655737706
27.498360655737706
27.49672131147541
27.498360655737706
27.481967213114753
\
27.508196721311474
27.498360655737706
27.5
27.508196721311474
27.504918032786886
27.501639344262294
27.501639344262294
27.501639344262294
27.5
27.50655737704918
27.498360655737706
27.501639344262294
27.48688524590164
27.5
27.50655737704918
27.501639344262294
27.503278688524592
27.50655737704918
27.508196721311474
27.501639344262294
27.501639344262294
27.498360655737706
27.49672131147541
27.49672131147541
27.48688524590164
\
27.508196721311474
27.501639344262294
27.5
27.50655737704918
27.50655737704918
27.5
27.501639344262294
27.501639344262294
27.501639344262294
27.501639344262294
27.49672131147541
27.498360655737706
27.485245901639345
27.49672131147541
27.504918032786886
27.5
27.50655737704918
27.50655737704918
27.508196721311474
27.5
27.5
27.5
27.49672131147541
27.49672131147541
27.485245901639345
\
27.50655737704918
27.5
27.501639344262294
27.50655737704918
27.508196721311474
27.503278688524592
27.501639344262294
27.501639344262294
27.5
27.501639344262294
27.49672131147541
27.49672131147541
27.488524590163934
27.501639344262294
27.504918032786886
27.503278688524592
27.503278688524592
27.508196721311474
27.508196721311474
27.5
27.501639344262294
27.501639344262294
27.49672131147541
27.495081967213114
27.485245901639345
\
27.508196721311474
27.504918032786886
27.501639344262294
27.509836065573772
27.509836065573772
27.501639344262294
27.501639344262294
27.501639344262294
27.501639344262294
27.5
27.495081967213114
27.495081967213114
27.488524590163934
27.5
27.504918032786886
27.503278688524592
27.50655737704918
27.501639344262294
27.503278688524592
27.5
27.50655737704918
27.504918032786886
27.49672131147541
27.498360655737706
27.483606557377048
\
27.50655737704918
27.498360655737706
27.49672131147541
27.508196721311474
27.504918032786886
27.501639344262294
27.501639344262294
27.5
27.5
27.498360655737706
27.491803278688526
27.495081967213114
27.485245901639345
27.49672131147541
27.504918032786886
27.503278688524592
27.50655737704918
27.504918032786886
27.501639344262294
27.498360655737706
27.503278688524592
27.501639344262294
27.495081967213114
27.495081967213114
27.483606557377048
\
27.508196721311474
27.5
27.495081967213114
27.509836065573772
27.508196721311474
27.503278688524592
27.501639344262294
27.498360655737706
27.5
27.501639344262294
27.495081967213114
27.501639344262294
27.488524590163934
27.5
27.504918032786886
27.504918032786886
27.504918032786886
27.504918032786886
27.503278688524592
27.5
27.5
27.495081967213114
27.495081967213114
27.495081967213114
27.485245901639345
\
27.508196721311474
27.501639344262294
27.501639344262294
27.509836065573772
27.509836065573772
27.503278688524592
27.5
27.498360655737706
27.501639344262294
27.508196721311474
27.501639344262294
27.509836065573772
27.498360655737706
27.50655737704918
27.509836065573772
27.508196721311474
27.503278688524592
27.504918032786886
27.508196721311474
27.503278688524592
27.501639344262294
27.49672131147541
27.49672131147541
27.49672131147541
27.48688524590164
\
27.504918032786886
27.495081967213114
27.5
27.508196721311474
27.50655737704918
27.501639344262294
27.498360655737706
27.498360655737706
27.504918032786886
27.50655737704918
27.50655737704918
27.508196721311474
27.503278688524592
27.509836065573772
27.508196721311474
27.503278688524592
27.508196721311474
27.501639344262294
27.509836065573772
27.5
27.503278688524592
27.495081967213114
27.495081967213114
27.498360655737706
27.491803278688526
\
27.501639344262294
27.495081967213114
27.49672131147541
27.50655737704918
27.509836065573772
27.501639344262294
27.49672131147541
27.49672131147541
27.501639344262294
27.50655737704918
27.501639344262294
27.508196721311474
27.501639344262294
27.509836065573772
27.509836065573772
27.501639344262294
27.50655737704918
27.501639344262294
27.504918032786886
27.498360655737706
27.501639344262294
27.49672131147541
27.498360655737706
27.5
27.485245901639345
\
27.498360655737706
27.495081967213114
27.49672131147541
27.503278688524592
27.50655737704918
27.501639344262294
27.498360655737706
27.5
27.5
27.501639344262294
27.501639344262294
27.508196721311474
27.501639344262294
27.514754098360655
27.509836065573772
27.504918032786886
27.50655737704918
27.503278688524592
27.504918032786886
27.49672131147541
27.5
27.503278688524592
27.5
27.501639344262294
27.485245901639345
\
