28.490163934426228
28.481967213114753
28.478688524590165
28.477049180327867
28.478688524590165
28.485245901639345
28.478688524590165
28.48032786885246
28.488524590163934
28.490163934426228
28.495081967213114
28.495081967213114
28.498360655737706
28.495081967213114
28.49672131147541
28.49672131147541
28.498360655737706
28.491803278688526
28.49672131147541
28.503278688524592
28.491803278688526
\
28.483606557377048
28.477049180327867
28.477049180327867
28.477049180327867
28.477049180327867
28.48032786885246
28.455737704918032
28.477049180327867
28.478688524590165
28.481967213114753
28.491803278688526
28.491803278688526
28.49672131147541
28.491803278688526
28.495081967213114
28.491803278688526
28.49672131147541
28.491803278688526
28.49672131147541
28.498360655737706
28.495081967213114
\
28.488524590163934
28.45409836065574
28.477049180327867
28.477049180327867
28.45409836065574
28.481967213114753
28.477049180327867
28.478688524590165
28.478688524590165
28.48032786885246
28.490163934426228
28.495081967213114
28.491803278688526
28.491803278688526
28.491803278688526
28.491803278688526
28.495081967213114
28.485245901639345
28.495081967213114
28.501639344262294
28.495081967213114
\
28.490163934426228
28.477049180327867
28.478688524590165
28.477049180327867
28.477049180327867
28.483606557377048
28.478688524590165
28.478688524590165
28.481967213114753
28.485245901639345
28.488524590163934
28.491803278688526
28.488524590163934
28.488524590163934
28.488524590163934
28.490163934426228
28.49672131147541
28.488524590163934
28.495081967213114
28.498360655737706
28.49672131147541
\
28.490163934426228
28.478688524590165
28.477049180327867
28.478688524590165
28.491803278688526
28.477049180327867
28.477049180327867
28.478688524590165
28.477049180327867
28.481967213114753
28.45409836065574
28.478688524590165
28.477049180327867
28.483606557377048
28.485245901639345
28.488524590163934
28.48688524590164
28.48688524590164
28.488524590163934
28.488524590163934
28.495081967213114
28.483606557377048
28.495081967213114
28.501639344262294
28.491803278688526
\
28.49672131147541
28.481967213114753
28.45409836065574
28.481967213114753
28.48688524590164
28.477049180327867
28.478688524590165
28.478688524590165
28.477049180327867
28.481967213114753
28.478688524590165
28.481967213114753
28.48032786885246
28.483606557377048
28.488524590163934
28.490163934426228
28.495081967213114
28.491803278688526
28.488524590163934
28.488524590163934
28.490163934426228
28.485245901639345
28.49672131147541
28.498360655737706
28.498360655737706
\
28.498360655737706
28.478688524590165
28.477049180327867
28.478688524590165
28.485245901639345
28.455737704918032
28.477049180327867
28.478688524590165
28.477049180327867
28.483606557377048
28.477049180327867
28.478688524590165
28.477049180327867
28.483606557377048
28.488524590163934
28.490163934426228
28.488524590163934
28.491803278688526
28.490163934426228
28.490163934426228
28.488524590163934
28.491803278688526
28.49672131147541
28.498360655737706
28.495081967213114
\
28.501639344262294
28.48032786885246
28.477049180327867
28.485245901639345
28.490163934426228
28.48032786885246
28.485245901639345
28.48032786885246
28.478688524590165
28.483606557377048
28.478688524590165
28.478688524590165
28.48032786885246
28.485245901639345
28.491803278688526
28.495081967213114
28.495081967213114
28.498360655737706
28.498360655737706
28.490163934426228
28.491803278688526
28.490163934426228
28.498360655737706
28.498360655737706
28.501639344262294
\
28.501639344262294
28.478688524590165
28.45409836065574
28.481967213114753
28.495081967213114
28.48032786885246
28.485245901639345
28.485245901639345
28.48032786885246
28.48688524590164
28.478688524590165
28.478688524590165
28.477049180327867
28.485245901639345
28.490163934426228
28.495081967213114
28.491803278688526
28.49672131147541
28.495081967213114
28.495081967213114
28.495081967213114
28.491803278688526
28.498360655737706
28.498360655737706
28.501639344262294
\
28.514754098360655
28.478688524590165
28.477049180327867
28.481967213114753
28.491803278688526
28.48032786885246
28.488524590163934
28.485245901639345
28.481967213114753
28.483606557377048
28.477049180327867
28.478688524590165
28.478688524590165
28.483606557377048
28.490163934426228
28.495081967213114
28.495081967213114
28.495081967213114
28.491803278688526
28.491803278688526
28.495081967213114
28.495081967213114
28.498360655737706
28.5
28.498360655737706
\
28.503278688524592
28.48032786885246
28.45409836065574
28.48032786885246
28.48688524590164
28.48032786885246
28.48032786885246
28.483606557377048
28.478688524590165
28.483606557377048
28.477049180327867
28.477049180327867
28.478688524590165
28.485245901639345
28.485245901639345
28.491803278688526
28.491803278688526
28.491803278688526
28.48688524590164
28.48688524590164
28.491803278688526
28.48688524590164
28.495081967213114
28.498360655737706
28.495081967213114
\
28.514754098360655
28.48032786885246
28.477049180327867
28.490163934426228
28.495081967213114
28.481967213114753
28.481967213114753
28.485245901639345
28.481967213114753
28.491803278688526
28.483606557377048
28.485245901639345
28.485245901639345
28.488524590163934
28.488524590163934
28.495081967213114
28.491803278688526
28.488524590163934
28.490163934426228
28.485245901639345
28.495081967213114
28.495081967213114
28.498360655737706
28.5
28.495081967213114
\
28.514754098360655
28.478688524590165
28.45409836065574
28.495081967213114
28.49672131147541
28.48032786885246
28.48688524590164
28.491803278688526
28.488524590163934
28.495081967213114
28.485245901639345
28.491803278688526
28.490163934426228
28.495081967213114
28.495081967213114
28.495081967213114
28.490163934426228
28.488524590163934
28.488524590163934
28.48688524590164
28.49672131147541
28.495081967213114
28.495081967213114
28.5
28.495081967213114
\
28.514754098360655
28.481967213114753
28.45409836065574
28.491803278688526
28.495081967213114
28.478688524590165
28.48688524590164
28.491803278688526
28.491803278688526
28.49672131147541
28.488524590163934
28.491803278688526
28.490163934426228
28.49672131147541
28.498360655737706
28.498360655737706
28.495081967213114
28.495081967213114
28.490163934426228
28.490163934426228
28.495081967213114
28.491803278688526
28.49672131147541
28.5
28.49672131147541
\
28.503278688524592
28.483606557377048
28.45409836065574
28.495081967213114
28.491803278688526
28.477049180327867
28.488524590163934
28.495081967213114
28.495081967213114
28.495081967213114
28.481967213114753
28.490163934426228
28.495081967213114
28.498360655737706
28.495081967213114
28.49672131147541
28.490163934426228
28.48688524590164
28.491803278688526
28.488524590163934
28.491803278688526
28.488524590163934
28.495081967213114
28.498360655737706
28.495081967213114
\
28.514754098360655
28.48032786885246
28.45409836065574
28.48688524590164
28.491803278688526
28.481967213114753
28.495081967213114
28.49672131147541
28.49672131147541
28.498360655737706
28.485245901639345
28.490163934426228
28.495081967213114
28.491803278688526
28.495081967213114
28.495081967213114
28.488524590163934
28.490163934426228
28.488524590163934
28.483606557377048
28.490163934426228
28.488524590163934
28.49672131147541
28.498360655737706
28.49672131147541
\
