26.503278688524592
26.495081967213114
26.5
26.49344262295082
26.501639344262294
26.5
26.5
26.495081967213114
26.495081967213114
26.495081967213114
26.49344262295082
26.495081967213114
26.49344262295082
26.5
26.495081967213114
26.5
26.49344262295082
26.49344262295082
26.49344262295082
26.503278688524592
26.5
\
26.49344262295082
26.481967213114753
26.488524590163934
26.481967213114753
26.491803278688526
26.490163934426228
26.490163934426228
26.481967213114753
26.490163934426228
26.491803278688526
26.490163934426228
26.49344262295082
26.49344262295082
26.49344262295082
26.490163934426228
26.491803278688526
26.481967213114753
26.481967213114753
26.481967213114753
26.495081967213114
26.481967213114753
\
26.503278688524592
26.495081967213114
26.49344262295082
26.495081967213114
26.495081967213114
26.495081967213114
26.5
26.49344262295082
26.495081967213114
26.5
26.49344262295082
26.5
26.5
26.5
26.495081967213114
26.49344262295082
26.490163934426228
26.490163934426228
26.491803278688526
26.5
26.5
\
26.509836065573772
26.5
26.495081967213114
26.49344262295082
26.501639344262294
26.5
26.501639344262294
26.495081967213114
26.495081967213114
26.5
26.5
26.5
26.5
26.5
26.495081967213114
26.490163934426228
26.481967213114753
26.49344262295082
26.490163934426228
26.5
26.495081967213114
\
26.508196721311474
26.501639344262294
26.503278688524592
26.504918032786886
26.509836065573772
26.501639344262294
26.501639344262294
26.5
26.503278688524592
26.5
26.5
26.49344262295082
26.495081967213114
26.49344262295082
26.495081967213114
26.495081967213114
26.495081967213114
26.5
26.49344262295082
26.49344262295082
26.490163934426228
26.490163934426228
26.481967213114753
26.495081967213114
26.49344262295082
\
26.504918032786886
26.503278688524592
26.504918032786886
26.509836065573772
26.514754098360655
26.509836065573772
26.504918032786886
26.501639344262294
26.504918032786886
26.503278688524592
26.503278688524592
26.49344262295082
26.49344262295082
26.49344262295082
26.495081967213114
26.5
26.5
26.5
26.5
26.5
26.491803278688526
26.495081967213114
26.495081967213114
26.5
26.501639344262294
\
26.504918032786886
26.495081967213114
26.503278688524592
26.504918032786886
26.51311475409836
26.504918032786886
26.504918032786886
26.501639344262294
26.5
26.5
26.501639344262294
26.49344262295082
26.49344262295082
26.49344262295082
26.495081967213114
26.49344262295082
26.49344262295082
26.495081967213114
26.495081967213114
26.495081967213114
26.490163934426228
26.491803278688526
26.49344262295082
26.495081967213114
26.495081967213114
\
26.504918032786886
26.5
26.5
26.509836065573772
26.51311475409836
26.504918032786886
26.504918032786886
26.501639344262294
26.503278688524592
26.5
26.5
26.491803278688526
26.490163934426228
26.490163934426228
26.491803278688526
26.49344262295082
26.491803278688526
26.49344262295082
26.491803278688526
26.49344262295082
26.490163934426228
26.490163934426228
26.491803278688526
26.495081967213114
26.495081967213114
\
26.503278688524592
26.5
26.503278688524592
26.51311475409836
26.51311475409836
26.503278688524592
26.504918032786886
26.501639344262294
26.503278688524592
26.495081967213114
26.5
26.49344262295082
26.495081967213114
26.490163934426228
26.495081967213114
26.5
26.49344262295082
26.495081967213114
26.491803278688526
26.495081967213114
26.490163934426228
26.491803278688526
26.491803278688526
26.5
26.49344262295082
\
26.503278688524592
26.501639344262294
26.5
26.509836065573772
26.51311475409836
26.504918032786886
26.503278688524592
26.503278688524592
26.501639344262294
26.49344262295082
26.501639344262294
26.491803278688526
26.495081967213114
26.49344262295082
26.49344262295082
26.5
26.495081967213114
26.495081967213114
26.49344262295082
26.495081967213114
26.491803278688526
26.49344262295082
26.49344262295082
26.5
26.49344262295082
\
26.509836065573772
26.501639344262294
26.504918032786886
26.509836065573772
26.514754098360655
26.504918032786886
26.504918032786886
26.504918032786886
26.503278688524592
26.5
26.501639344262294
26.495081967213114
26.49344262295082
26.49344262295082
26.5
26.501639344262294
26.5
26.5
26.495081967213114
26.49344262295082
26.491803278688526
26.49344262295082
26.495081967213114
26.495081967213114
26.495081967213114
\
26.509836065573772
26.503278688524592
26.503278688524592
26.509836065573772
26.509836065573772
26.504918032786886
26.509836065573772
26.504918032786886
26.503278688524592
26.5
26.503278688524592
26.5
26.503278688524592
26.50655737704918
26.508196721311474
26.504918032786886
26.495081967213114
26.5
26.49344262295082
26.495081967213114
26.481967213114753
26.490163934426228
26.495081967213114
26.5
26.5
\
26.504918032786886
26.503278688524592
26.508196721311474
26.509836065573772
26.514754098360655
26.509836065573772
26.504918032786886
26.504918032786886
26.5
26.501639344262294
26.501639344262294
26.50655737704918
26.509836065573772
26.509836065573772
26.504918032786886
26.51311475409836
26.495081967213114
26.5
26.491803278688526
26.495081967213114
26.481967213114753
26.490163934426228
26.49344262295082
26.5
26.49344262295082
\
26.504918032786886
26.501639344262294
26.501639344262294
26.504918032786886
26.514754098360655
26.504918032786886
26.503278688524592
26.504918032786886
26.5
26.5
26.5
26.501639344262294
26.509836065573772
26.504918032786886
26.504918032786886
26.509836065573772
26.5
26.495081967213114
26.495081967213114
26.495081967213114
26.49344262295082
26.5
26.49344262295082
26.5
26.490163934426228
\
26.504918032786886
26.495081967213114
26.5
26.509836065573772
26.509836065573772
26.504918032786886
26.5
26.5
26.5
26.5
26.495081967213114
26.5
26.504918032786886
26.501639344262294
26.503278688524592
26.504918032786886
26.503278688524592
26.5
26.495081967213114
26.495081967213114
26.490163934426228
26.490163934426228
26.491803278688526
26.5
26.49344262295082
\
26.5
26.49344262295082
26.5
26.501639344262294
26.509836065573772
26.5
26.5
26.495081967213114
26.495081967213114
26.491803278688526
26.503278688524592
26.5
26.5
26.495081967213114
26.495081967213114
26.503278688524592
26.5
26.495081967213114
26.491803278688526
26.49344262295082
26.49344262295082
26.490163934426228
26.481967213114753
26.5
26.490163934426228
\
