26.49344262295082
26.491803278688526
26.491803278688526
26.495081967213114
26.481967213114753
26.481967213114753
26.49344262295082
26.495081967213114
26.49344262295082
26.49344262295082
26.498360655737706
26.491803278688526
26.48032786885246
26.49344262295082
26.481967213114753
26.49344262295082
26.49344262295082
26.481967213114753
26.49344262295082
26.495081967213114
26.49344262295082
\
26.48032786885246
26.48032786885246
26.48032786885246
26.491803278688526
26.481967213114753
26.481967213114753
26.48032786885246
26.495081967213114
26.481967213114753
26.49344262295082
26.498360655737706
26.491803278688526
26.48032786885246
26.49344262295082
26.49344262295082
26.491803278688526
26.481967213114753
26.48032786885246
26.49344262295082
26.495081967213114
26.481967213114753
\
26.48032786885246
26.481967213114753
26.48032786885246
26.49344262295082
26.48032786885246
26.481967213114753
26.481967213114753
26.495081967213114
26.48032786885246
26.49344262295082
26.495081967213114
26.481967213114753
26.481967213114753
26.495081967213114
26.495081967213114
26.481967213114753
26.49344262295082
26.481967213114753
26.49344262295082
26.495081967213114
26.49344262295082
\
26.495081967213114
26.495081967213114
26.495081967213114
26.495081967213114
26.481967213114753
26.495081967213114
26.495081967213114
26.5
26.49344262295082
26.49344262295082
26.495081967213114
26.495081967213114
26.495081967213114
26.498360655737706
26.495081967213114
26.49344262295082
26.491803278688526
26.49344262295082
26.495081967213114
26.495081967213114
26.49344262295082
\
26.495081967213114
26.495081967213114
26.498360655737706
26.495081967213114
26.495081967213114
26.498360655737706
26.495081967213114
26.498360655737706
26.495081967213114
26.495081967213114
26.495081967213114
26.5
26.495081967213114
26.49344262295082
26.49672131147541
26.49344262295082
26.495081967213114
26.498360655737706
26.495081967213114
26.49344262295082
26.49344262295082
26.49344262295082
26.495081967213114
26.495081967213114
26.49344262295082
\
26.5
26.495081967213114
26.5
26.498360655737706
26.495081967213114
26.498360655737706
26.498360655737706
26.498360655737706
26.495081967213114
26.495081967213114
26.498360655737706
26.5
26.481967213114753
26.481967213114753
26.495081967213114
26.495081967213114
26.495081967213114
26.498360655737706
26.498360655737706
26.495081967213114
26.49344262295082
26.49344262295082
26.49672131147541
26.495081967213114
26.495081967213114
\
26.503278688524592
26.495081967213114
26.5
26.498360655737706
26.495081967213114
26.495081967213114
26.498360655737706
26.501639344262294
26.495081967213114
26.495081967213114
26.495081967213114
26.495081967213114
26.481967213114753
26.481967213114753
26.495081967213114
26.49344262295082
26.495081967213114
26.495081967213114
26.495081967213114
26.495081967213114
26.49344262295082
26.495081967213114
26.49672131147541
26.495081967213114
26.495081967213114
\
26.501639344262294
26.498360655737706
26.5
26.498360655737706
26.498360655737706
26.5
26.498360655737706
26.501639344262294
26.498360655737706
26.498360655737706
26.495081967213114
26.495081967213114
26.48032786885246
26.48032786885246
26.495081967213114
26.495081967213114
26.498360655737706
26.498360655737706
26.495081967213114
26.49344262295082
26.49344262295082
26.495081967213114
26.49672131147541
26.495081967213114
26.49344262295082
\
26.498360655737706
26.495081967213114
26.501639344262294
26.495081967213114
26.5
26.498360655737706
26.495081967213114
26.5
26.495081967213114
26.495081967213114
26.49344262295082
26.495081967213114
26.48032786885246
26.48032786885246
26.495081967213114
26.49344262295082
26.495081967213114
26.495081967213114
26.49344262295082
26.49344262295082
26.481967213114753
26.49344262295082
26.495081967213114
26.495081967213114
26.48032786885246
\
26.498360655737706
26.495081967213114
26.5
26.5
26.503278688524592
26.5
26.495081967213114
26.498360655737706
26.495081967213114
26.491803278688526
26.48032786885246
26.49344262295082
26.481967213114753
26.481967213114753
26.495081967213114
26.495081967213114
26.495081967213114
26.495081967213114
26.495081967213114
26.481967213114753
26.48032786885246
26.49344262295082
26.495081967213114
26.49344262295082
26.481967213114753
\
26.5
26.495081967213114
26.5
26.5
26.501639344262294
26.501639344262294
26.498360655737706
26.498360655737706
26.495081967213114
26.495081967213114
26.481967213114753
26.49344262295082
26.48032786885246
26.481967213114753
26.495081967213114
26.491803278688526
26.495081967213114
26.495081967213114
26.49344262295082
26.481967213114753
26.48032786885246
26.49344262295082
26.495081967213114
26.481967213114753
26.481967213114753
\
26.498360655737706
26.495081967213114
26.5
26.498360655737706
26.501639344262294
26.5
26.5
26.501639344262294
26.498360655737706
26.498360655737706
26.495081967213114
26.498360655737706
26.495081967213114
26.495081967213114
26.498360655737706
26.495081967213114
26.495081967213114
26.495081967213114
26.495081967213114
26.495081967213114
26.495081967213114
26.495081967213114
26.498360655737706
26.49344262295082
26.49344262295082
\
26.498360655737706
26.495081967213114
26.498360655737706
26.495081967213114
26.495081967213114
26.498360655737706
26.495081967213114
26.498360655737706
26.498360655737706
26.498360655737706
26.498360655737706
26.504918032786886
26.498360655737706
26.495081967213114
26.498360655737706
26.495081967213114
26.498360655737706
26.5
26.495081967213114
26.495081967213114
26.49344262295082
26.49344262295082
26.498360655737706
26.495081967213114
26.495081967213114
\
26.498360655737706
26.495081967213114
26.495081967213114
26.49344262295082
26.495081967213114
26.495081967213114
26.495081967213114
26.495081967213114
26.495081967213114
26.498360655737706
26.498360655737706
26.5
26.498360655737706
26.498360655737706
26.5
26.495081967213114
26.498360655737706
26.501639344262294
26.5
26.498360655737706
26.495081967213114
26.495081967213114
26.5
26.498360655737706
26.495081967213114
\
26.495081967213114
26.481967213114753
26.498360655737706
26.49344262295082
26.498360655737706
26.498360655737706
26.49344262295082
26.495081967213114
26.495081967213114
26.495081967213114
26.498360655737706
26.5
26.498360655737706
26.498360655737706
26.501639344262294
26.495081967213114
26.498360655737706
26.498360655737706
26.498360655737706
26.495081967213114
26.495081967213114
26.495081967213114
26.5
26.5
26.495081967213114
\
26.495081967213114
26.481967213114753
26.49672131147541
26.495081967213114
26.495081967213114
26.495081967213114
26.495081967213114
26.495081967213114
26.495081967213114
26.495081967213114
26.495081967213114
26.498360655737706
26.495081967213114
26.495081967213114
26.498360655737706
26.495081967213114
26.495081967213114
26.495081967213114
26.498360655737706
26.495081967213114
26.495081967213114
26.495081967213114
26.498360655737706
26.498360655737706
26.49344262295082
\
