27.508196721311474
27.514754098360655
27.509836065573772
27.508196721311474
27.508196721311474
27.508196721311474
27.508196721311474
27.508196721311474
27.508196721311474
27.509836065573772
27.501639344262294
27.508196721311474
27.508196721311474
27.509836065573772
27.508196721311474
27.508196721311474
27.498360655737706
27.508196721311474
27.5
27.508196721311474
27.508196721311474
\
27.508196721311474
27.509836065573772
27.50655737704918
27.501639344262294
27.501639344262294
27.501639344262294
27.508196721311474
27.501639344262294
27.501639344262294
27.508196721311474
27.501639344262294
27.50655737704918
27.501639344262294
27.50655737704918
27.50655737704918
27.50655737704918
27.498360655737706
27.501639344262294
27.498360655737706
27.501639344262294
27.5
\
27.508196721311474
27.51311475409836
27.501639344262294
27.50655737704918
27.508196721311474
27.508196721311474
27.508196721311474
27.498360655737706
27.501639344262294
27.51311475409836
27.501639344262294
27.508196721311474
27.501639344262294
27.508196721311474
27.50655737704918
27.50655737704918
27.5
27.508196721311474
27.501639344262294
27.498360655737706
27.498360655737706
\
27.509836065573772
27.509836065573772
27.5
27.5
27.504918032786886
27.501639344262294
27.508196721311474
27.501639344262294
27.49672131147541
27.508196721311474
27.508196721311474
27.501639344262294
27.501639344262294
27.498360655737706
27.508196721311474
27.49672131147541
27.495081967213114
27.5
27.495081967213114
27.49672131147541
27.495081967213114
\
27.501639344262294
27.50655737704918
27.50655737704918
27.508196721311474
27.508196721311474
27.509836065573772
27.501639344262294
27.501639344262294
27.508196721311474
27.51311475409836
27.508196721311474
27.501639344262294
27.50655737704918
27.508196721311474
27.508196721311474
27.50655737704918
27.501639344262294
27.501639344262294
27.508196721311474
27.501639344262294
27.495081967213114
27.498360655737706
27.495081967213114
27.495081967213114
27.495081967213114
\
27.49672131147541
27.5
27.501639344262294
27.508196721311474
27.508196721311474
27.509836065573772
27.50655737704918
27.501639344262294
27.508196721311474
27.509836065573772
27.508196721311474
27.498360655737706
27.495081967213114
27.501639344262294
27.501639344262294
27.501639344262294
27.495081967213114
27.5
27.508196721311474
27.498360655737706
27.495081967213114
27.501639344262294
27.49344262295082
27.49344262295082
27.49672131147541
\
27.501639344262294
27.495081967213114
27.49672131147541
27.508196721311474
27.50655737704918
27.501639344262294
27.495081967213114
27.49672131147541
27.5
27.501639344262294
27.498360655737706
27.490163934426228
27.490163934426228
27.49672131147541
27.49672131147541
27.495081967213114
27.49344262295082
27.5
27.501639344262294
27.495081967213114
27.490163934426228
27.5
27.491803278688526
27.488524590163934
27.49344262295082
\
27.498360655737706
27.495081967213114
27.495081967213114
27.508196721311474
27.50655737704918
27.501639344262294
27.495081967213114
27.495081967213114
27.498360655737706
27.50655737704918
27.495081967213114
27.490163934426228
27.488524590163934
27.49344262295082
27.495081967213114
27.498360655737706
27.495081967213114
27.498360655737706
27.50655737704918
27.49344262295082
27.490163934426228
27.498360655737706
27.491803278688526
27.490163934426228
27.49344262295082
\
27.495081967213114
27.495081967213114
27.49672131147541
27.501639344262294
27.508196721311474
27.508196721311474
27.495081967213114
27.49672131147541
27.49672131147541
27.49672131147541
27.498360655737706
27.488524590163934
27.490163934426228
27.495081967213114
27.498360655737706
27.49672131147541
27.495081967213114
27.49672131147541
27.498360655737706
27.498360655737706
27.495081967213114
27.501639344262294
27.49344262295082
27.49344262295082
27.49344262295082
\
27.491803278688526
27.49344262295082
27.495081967213114
27.501639344262294
27.50655737704918
27.508196721311474
27.495081967213114
27.495081967213114
27.495081967213114
27.495081967213114
27.495081967213114
27.488524590163934
27.490163934426228
27.495081967213114
27.49672131147541
27.501639344262294
27.49672131147541
27.49344262295082
27.495081967213114
27.495081967213114
27.49344262295082
27.5
27.495081967213114
27.491803278688526
27.490163934426228
\
27.495081967213114
27.490163934426228
27.49344262295082
27.501639344262294
27.50655737704918
27.508196721311474
27.49672131147541
27.495081967213114
27.49344262295082
27.495081967213114
27.49672131147541
27.488524590163934
27.490163934426228
27.495081967213114
27.498360655737706
27.498360655737706
27.498360655737706
27.495081967213114
27.495081967213114
27.495081967213114
27.491803278688526
27.49672131147541
27.491803278688526
27.49344262295082
27.49344262295082
\
27.495081967213114
27.491803278688526
27.495081967213114
27.501639344262294
27.50655737704918
27.509836065573772
27.495081967213114
27.495081967213114
27.495081967213114
27.498360655737706
27.498360655737706
27.49344262295082
27.491803278688526
27.501639344262294
27.501639344262294
27.501639344262294
27.49672131147541
27.49672131147541
27.498360655737706
27.498360655737706
27.491803278688526
27.495081967213114
27.491803278688526
27.491803278688526
27.495081967213114
\
27.5
27.49672131147541
27.50655737704918
27.508196721311474
27.508196721311474
27.51967213114754
27.501639344262294
27.5
27.501639344262294
27.509836065573772
27.509836065573772
27.508196721311474
27.501639344262294
27.508196721311474
27.508196721311474
27.509836065573772
27.498360655737706
27.501639344262294
27.508196721311474
27.50655737704918
27.495081967213114
27.5
27.495081967213114
27.49672131147541
27.50655737704918
\
27.495081967213114
27.495081967213114
27.501639344262294
27.50655737704918
27.508196721311474
27.51311475409836
27.508196721311474
27.508196721311474
27.508196721311474
27.51311475409836
27.509836065573772
27.501639344262294
27.50655737704918
27.509836065573772
27.509836065573772
27.501639344262294
27.50655737704918
27.49672131147541
27.508196721311474
27.501639344262294
27.5
27.508196721311474
27.5
27.501639344262294
27.501639344262294
\
27.501639344262294
27.49672131147541
27.508196721311474
27.509836065573772
27.51311475409836
27.518032786885247
27.501639344262294
27.508196721311474
27.508196721311474
27.514754098360655
27.51311475409836
27.508196721311474
27.509836065573772
27.51311475409836
27.508196721311474
27.50655737704918
27.501639344262294
27.498360655737706
27.508196721311474
27.501639344262294
27.5
27.508196721311474
27.508196721311474
27.508196721311474
27.508196721311474
\
27.49672131147541
27.49672131147541
27.508196721311474
27.508196721311474
27.508196721311474
27.51311475409836
27.508196721311474
27.501639344262294
27.501639344262294
27.508196721311474
27.509836065573772
27.498360655737706
27.50655737704918
27.51311475409836
27.508196721311474
27.508196721311474
27.501639344262294
27.498360655737706
27.50655737704918
27.5
27.501639344262294
27.508196721311474
27.501639344262294
27.501639344262294
27.508196721311474
\
