26.527868852459015
26.524590163934427
26.52622950819672
26.524590163934427
26.521311475409835
26.52622950819672
26.527868852459015
26.52622950819672
26.529508196721313
26.529508196721313
26.5327868852459
26.529508196721313
26.521311475409835
26.5327868852459
26.524590163934427
26.521311475409835
26.51967213114754
26.508196721311474
26.511475409836066
26.511475409836066
26.521311475409835
\
26.527868852459015
26.51967213114754
26.51967213114754
26.51967213114754
26.51967213114754
26.51967213114754
26.521311475409835
26.51967213114754
26.524590163934427
26.52622950819672
26.524590163934427
26.527868852459015
26.521311475409835
26.521311475409835
26.521311475409835
26.51967213114754
26.51311475409836
26.5
26.50655737704918
26.508196721311474
26.511475409836066
\
26.529508196721313
26.516393442622952
26.521311475409835
26.521311475409835
26.51967213114754
26.51967213114754
26.521311475409835
26.521311475409835
26.524590163934427
26.52622950819672
26.524590163934427
26.521311475409835
26.521311475409835
26.524590163934427
26.521311475409835
26.51967213114754
26.516393442622952
26.504918032786886
26.50655737704918
26.511475409836066
26.516393442622952
\
26.53934426229508
26.51967213114754
26.521311475409835
26.521311475409835
26.51967213114754
26.521311475409835
26.52622950819672
26.524590163934427
26.52622950819672
26.51967213114754
26.521311475409835
26.524590163934427
26.524590163934427
26.521311475409835
26.524590163934427
26.51967213114754
26.511475409836066
26.50655737704918
26.50655737704918
26.511475409836066
26.51967213114754
\
26.524590163934427
26.52622950819672
26.527868852459015
26.52622950819672
26.529508196721313
26.524590163934427
26.524590163934427
26.524590163934427
26.521311475409835
26.524590163934427
26.524590163934427
26.521311475409835
26.524590163934427
26.51967213114754
26.521311475409835
26.52622950819672
26.524590163934427
26.524590163934427
26.521311475409835
26.516393442622952
26.50655737704918
26.5
26.5
26.508196721311474
26.51967213114754
\
26.524590163934427
26.524590163934427
26.52622950819672
26.527868852459015
26.534426229508195
26.52622950819672
26.524590163934427
26.524590163934427
26.51967213114754
26.521311475409835
26.521311475409835
26.51967213114754
26.51967213114754
26.51967213114754
26.51967213114754
26.51967213114754
26.521311475409835
26.51967213114754
26.521311475409835
26.51311475409836
26.508196721311474
26.50655737704918
26.501639344262294
26.511475409836066
26.521311475409835
\
26.52622950819672
26.51967213114754
26.52622950819672
26.529508196721313
26.537704918032787
26.52622950819672
26.521311475409835
26.52622950819672
26.51967213114754
26.52622950819672
26.524590163934427
26.51967213114754
26.51967213114754
26.51967213114754
26.51967213114754
26.514754098360655
26.51311475409836
26.516393442622952
26.51311475409836
26.511475409836066
26.508196721311474
26.504918032786886
26.50655737704918
26.508196721311474
26.521311475409835
\
26.52622950819672
26.521311475409835
26.521311475409835
26.529508196721313
26.53934426229508
26.524590163934427
26.524590163934427
26.524590163934427
26.51967213114754
26.524590163934427
26.51967213114754
26.51311475409836
26.51311475409836
26.508196721311474
26.508196721311474
26.50655737704918
26.511475409836066
26.508196721311474
26.511475409836066
26.508196721311474
26.508196721311474
26.503278688524592
26.501639344262294
26.508196721311474
26.51967213114754
\
26.524590163934427
26.521311475409835
26.524590163934427
26.527868852459015
26.5327868852459
26.522950819672133
26.524590163934427
26.524590163934427
26.51967213114754
26.51967213114754
26.51967213114754
26.51311475409836
26.516393442622952
26.511475409836066
26.511475409836066
26.508196721311474
26.50655737704918
26.50655737704918
26.51311475409836
26.511475409836066
26.508196721311474
26.504918032786886
26.5
26.508196721311474
26.51967213114754
\
26.51967213114754
26.521311475409835
26.51967213114754
26.529508196721313
26.529508196721313
26.521311475409835
26.521311475409835
26.521311475409835
26.516393442622952
26.51311475409836
26.51967213114754
26.508196721311474
26.51311475409836
26.508196721311474
26.508196721311474
26.503278688524592
26.508196721311474
26.503278688524592
26.50655737704918
26.508196721311474
26.508196721311474
26.501639344262294
26.504918032786886
26.511475409836066
26.516393442622952
\
26.524590163934427
26.521311475409835
26.521311475409835
26.527868852459015
26.527868852459015
26.51967213114754
26.521311475409835
26.51967213114754
26.51311475409836
26.51311475409836
26.51967213114754
26.516393442622952
26.511475409836066
26.50655737704918
26.51967213114754
26.51311475409836
26.50655737704918
26.508196721311474
26.508196721311474
26.501639344262294
26.511475409836066
26.503278688524592
26.5
26.503278688524592
26.51967213114754
\
26.524590163934427
26.521311475409835
26.524590163934427
26.524590163934427
26.524590163934427
26.521311475409835
26.521311475409835
26.521311475409835
26.511475409836066
26.51311475409836
26.516393442622952
26.51967213114754
26.51967213114754
26.521311475409835
26.521311475409835
26.516393442622952
26.501639344262294
26.504918032786886
26.503278688524592
26.498360655737706
26.504918032786886
26.49672131147541
26.5
26.501639344262294
26.516393442622952
\
26.522950819672133
26.521311475409835
26.524590163934427
26.52622950819672
26.527868852459015
26.524590163934427
26.521311475409835
26.521311475409835
26.51311475409836
26.51967213114754
26.51967213114754
26.522950819672133
26.52622950819672
26.524590163934427
26.521311475409835
26.51967213114754
26.503278688524592
26.50655737704918
26.50655737704918
26.5
26.503278688524592
26.5
26.501639344262294
26.50655737704918
26.51967213114754
\
26.51967213114754
26.51967213114754
26.521311475409835
26.524590163934427
26.52622950819672
26.51967213114754
26.51967213114754
26.524590163934427
26.511475409836066
26.51967213114754
26.51967213114754
26.51967213114754
26.524590163934427
26.524590163934427
26.521311475409835
26.51967213114754
26.508196721311474
26.504918032786886
26.508196721311474
26.501639344262294
26.50655737704918
26.501639344262294
26.5
26.504918032786886
26.508196721311474
\
26.521311475409835
26.51967213114754
26.521311475409835
26.524590163934427
26.521311475409835
26.51967213114754
26.51967213114754
26.516393442622952
26.511475409836066
26.51311475409836
26.51311475409836
26.51967213114754
26.521311475409835
26.51967213114754
26.51967213114754
26.51311475409836
26.511475409836066
26.504918032786886
26.50655737704918
26.5
26.504918032786886
26.5
26.5
26.503278688524592
26.51311475409836
\
26.51311475409836
26.51311475409836
26.51967213114754
26.51967213114754
26.521311475409835
26.51311475409836
26.51311475409836
26.511475409836066
26.503278688524592
26.51311475409836
26.514754098360655
26.51967213114754
26.51967213114754
26.514754098360655
26.50655737704918
26.511475409836066
26.504918032786886
26.503278688524592
26.503278688524592
26.498360655737706
26.50655737704918
26.495081967213114
26.495081967213114
26.504918032786886
26.50655737704918
\
