28.478688524590165
28.477049180327867
28.48032786885246
28.478688524590165
28.478688524590165
28.475409836065573
28.477049180327867
28.477049180327867
28.481967213114753
28.48688524590164
28.488524590163934
28.48688524590164
28.495081967213114
28.48688524590164
28.48688524590164
28.488524590163934
28.488524590163934
28.48688524590164
28.488524590163934
28.48688524590164
28.48688524590164
\
28.477049180327867
28.477049180327867
28.477049180327867
28.477049180327867
28.475409836065573
28.447540983606558
28.459016393442624
28.477049180327867
28.478688524590165
28.48032786885246
28.48032786885246
28.481967213114753
28.485245901639345
28.481967213114753
28.48688524590164
28.485245901639345
28.48688524590164
28.48688524590164
28.485245901639345
28.48688524590164
28.48688524590164
\
28.475409836065573
28.477049180327867
28.475409836065573
28.478688524590165
28.477049180327867
28.447540983606558
28.459016393442624
28.477049180327867
28.475409836065573
28.477049180327867
28.478688524590165
28.481967213114753
28.48032786885246
28.481967213114753
28.48032786885246
28.483606557377048
28.48688524590164
28.48688524590164
28.481967213114753
28.485245901639345
28.48688524590164
\
28.475409836065573
28.477049180327867
28.477049180327867
28.477049180327867
28.477049180327867
28.475409836065573
28.475409836065573
28.477049180327867
28.477049180327867
28.477049180327867
28.477049180327867
28.485245901639345
28.481967213114753
28.481967213114753
28.478688524590165
28.485245901639345
28.48688524590164
28.488524590163934
28.481967213114753
28.48688524590164
28.48688524590164
\
28.477049180327867
28.447540983606558
28.459016393442624
28.481967213114753
28.477049180327867
28.477049180327867
28.475409836065573
28.477049180327867
28.475409836065573
28.459016393442624
28.475409836065573
28.477049180327867
28.475409836065573
28.477049180327867
28.481967213114753
28.478688524590165
28.481967213114753
28.481967213114753
28.478688524590165
28.481967213114753
28.485245901639345
28.48688524590164
28.48032786885246
28.485245901639345
28.481967213114753
\
28.478688524590165
28.445901639344264
28.475409836065573
28.481967213114753
28.477049180327867
28.477049180327867
28.475409836065573
28.477049180327867
28.475409836065573
28.447540983606558
28.475409836065573
28.477049180327867
28.475409836065573
28.477049180327867
28.48032786885246
28.478688524590165
28.48032786885246
28.485245901639345
28.478688524590165
28.481967213114753
28.481967213114753
28.48688524590164
28.48032786885246
28.481967213114753
28.481967213114753
\
28.478688524590165
28.447540983606558
28.477049180327867
28.481967213114753
28.475409836065573
28.477049180327867
28.477049180327867
28.478688524590165
28.477049180327867
28.447540983606558
28.477049180327867
28.477049180327867
28.475409836065573
28.477049180327867
28.48032786885246
28.478688524590165
28.485245901639345
28.48688524590164
28.481967213114753
28.488524590163934
28.481967213114753
28.48688524590164
28.481967213114753
28.483606557377048
28.48688524590164
\
28.478688524590165
28.459016393442624
28.475409836065573
28.485245901639345
28.477049180327867
28.478688524590165
28.477049180327867
28.478688524590165
28.478688524590165
28.475409836065573
28.477049180327867
28.477049180327867
28.475409836065573
28.477049180327867
28.481967213114753
28.481967213114753
28.48688524590164
28.48688524590164
28.48688524590164
28.48688524590164
28.485245901639345
28.48688524590164
28.48688524590164
28.48688524590164
28.481967213114753
\
28.478688524590165
28.475409836065573
28.475409836065573
28.485245901639345
28.477049180327867
28.478688524590165
28.478688524590165
28.481967213114753
28.48032786885246
28.475409836065573
28.475409836065573
28.477049180327867
28.475409836065573
28.477049180327867
28.481967213114753
28.481967213114753
28.488524590163934
28.48688524590164
28.48688524590164
28.48688524590164
28.48688524590164
28.48688524590164
28.48688524590164
28.48688524590164
28.48688524590164
\
28.477049180327867
28.459016393442624
28.477049180327867
28.481967213114753
28.477049180327867
28.478688524590165
28.481967213114753
28.481967213114753
28.481967213114753
28.475409836065573
28.475409836065573
28.477049180327867
28.477049180327867
28.477049180327867
28.48688524590164
28.48688524590164
28.48688524590164
28.48688524590164
28.48688524590164
28.48688524590164
28.48688524590164
28.48688524590164
28.485245901639345
28.48688524590164
28.48688524590164
\
28.478688524590165
28.447540983606558
28.488524590163934
28.485245901639345
28.475409836065573
28.478688524590165
28.478688524590165
28.481967213114753
28.478688524590165
28.475409836065573
28.475409836065573
28.477049180327867
28.475409836065573
28.478688524590165
28.483606557377048
28.485245901639345
28.48688524590164
28.48688524590164
28.481967213114753
28.485245901639345
28.48688524590164
28.48688524590164
28.485245901639345
28.481967213114753
28.481967213114753
\
28.48032786885246
28.459016393442624
28.48688524590164
28.48688524590164
28.475409836065573
28.477049180327867
28.478688524590165
28.477049180327867
28.477049180327867
28.447540983606558
28.475409836065573
28.477049180327867
28.475409836065573
28.477049180327867
28.481967213114753
28.48688524590164
28.495081967213114
28.485245901639345
28.48032786885246
28.483606557377048
28.481967213114753
28.481967213114753
28.48032786885246
28.481967213114753
28.478688524590165
\
28.478688524590165
28.445901639344264
28.48688524590164
28.501639344262294
28.48688524590164
28.481967213114753
28.459016393442624
28.447540983606558
28.447540983606558
28.444262295081966
28.477049180327867
28.485245901639345
28.477049180327867
28.478688524590165
28.48032786885246
28.5
28.518032786885247
28.488524590163934
28.48032786885246
28.485245901639345
28.485245901639345
28.485245901639345
28.478688524590165
28.481967213114753
28.477049180327867
\
28.478688524590165
28.459016393442624
28.488524590163934
28.501639344262294
28.488524590163934
28.481967213114753
28.444262295081966
28.459016393442624
28.459016393442624
28.442622950819672
28.445901639344264
28.488524590163934
28.477049180327867
28.459016393442624
28.408196721311477
28.495081967213114
28.48032786885246
28.475409836065573
28.477049180327867
28.478688524590165
28.477049180327867
28.481967213114753
28.48032786885246
28.478688524590165
28.477049180327867
\
28.477049180327867
28.447540983606558
28.478688524590165
28.488524590163934
28.478688524590165
28.478688524590165
28.445901639344264
28.447540983606558
28.459016393442624
28.444262295081966
28.475409836065573
28.48688524590164
28.477049180327867
28.459016393442624
28.408196721311477
28.495081967213114
28.477049180327867
28.47377049180328
28.475409836065573
28.477049180327867
28.475409836065573
28.477049180327867
28.477049180327867
28.475409836065573
28.477049180327867
\
28.477049180327867
28.459016393442624
28.459016393442624
28.477049180327867
28.445901639344264
28.459016393442624
28.459016393442624
28.475409836065573
28.447540983606558
28.445901639344264
28.478688524590165
28.48688524590164
28.477049180327867
28.445901639344264
28.427868852459017
28.5
28.478688524590165
28.459016393442624
28.475409836065573
28.477049180327867
28.477049180327867
28.478688524590165
28.478688524590165
28.477049180327867
28.477049180327867
\
