26.491803278688526
26.491803278688526
26.491803278688526
26.49344262295082
26.49344262295082
26.491803278688526
26.491803278688526
26.491803278688526
26.488524590163934
26.49344262295082
26.491803278688526
26.491803278688526
26.491803278688526
26.491803278688526
26.491803278688526
26.491803278688526
26.491803278688526
26.491803278688526
26.488524590163934
26.49672131147541
26.495081967213114
\
26.488524590163934
26.481967213114753
26.481967213114753
26.48688524590164
26.488524590163934
26.488524590163934
26.488524590163934
26.491803278688526
26.485245901639345
26.491803278688526
26.488524590163934
26.488524590163934
26.491803278688526
26.488524590163934
26.488524590163934
26.48688524590164
26.488524590163934
26.48688524590164
26.48688524590164
26.495081967213114
26.491803278688526
\
26.491803278688526
26.488524590163934
26.488524590163934
26.49344262295082
26.495081967213114
26.491803278688526
26.49344262295082
26.491803278688526
26.488524590163934
26.491803278688526
26.491803278688526
26.491803278688526
26.49344262295082
26.5
26.49344262295082
26.491803278688526
26.49344262295082
26.491803278688526
26.491803278688526
26.498360655737706
26.495081967213114
\
26.495081967213114
26.491803278688526
26.491803278688526
26.495081967213114
26.495081967213114
26.495081967213114
26.495081967213114
26.495081967213114
26.491803278688526
26.495081967213114
26.49344262295082
26.49344262295082
26.5
26.501639344262294
26.495081967213114
26.491803278688526
26.491803278688526
26.491803278688526
26.491803278688526
26.495081967213114
26.49344262295082
\
26.495081967213114
26.495081967213114
26.49672131147541
26.501639344262294
26.49672131147541
26.49344262295082
26.491803278688526
26.49672131147541
26.501639344262294
26.495081967213114
26.49672131147541
26.49672131147541
26.491803278688526
26.49344262295082
26.491803278688526
26.491803278688526
26.501639344262294
26.501639344262294
26.491803278688526
26.491803278688526
26.491803278688526
26.49344262295082
26.491803278688526
26.495081967213114
26.491803278688526
\
26.501639344262294
26.5
26.503278688524592
26.504918032786886
26.503278688524592
26.495081967213114
26.491803278688526
26.495081967213114
26.501639344262294
26.495081967213114
26.5
26.495081967213114
26.491803278688526
26.491803278688526
26.491803278688526
26.491803278688526
26.498360655737706
26.498360655737706
26.491803278688526
26.491803278688526
26.495081967213114
26.49344262295082
26.491803278688526
26.49344262295082
26.49344262295082
\
26.509836065573772
26.501639344262294
26.5
26.504918032786886
26.5
26.495081967213114
26.495081967213114
26.49672131147541
26.501639344262294
26.5
26.498360655737706
26.49672131147541
26.488524590163934
26.491803278688526
26.491803278688526
26.491803278688526
26.49672131147541
26.49672131147541
26.491803278688526
26.491803278688526
26.495081967213114
26.495081967213114
26.491803278688526
26.49344262295082
26.49344262295082
\
26.509836065573772
26.504918032786886
26.503278688524592
26.509836065573772
26.501639344262294
26.49672131147541
26.49672131147541
26.501639344262294
26.504918032786886
26.49672131147541
26.495081967213114
26.491803278688526
26.485245901639345
26.488524590163934
26.488524590163934
26.491803278688526
26.503278688524592
26.498360655737706
26.491803278688526
26.491803278688526
26.495081967213114
26.49672131147541
26.491803278688526
26.495081967213114
26.49344262295082
\
26.501639344262294
26.5
26.503278688524592
26.504918032786886
26.503278688524592
26.495081967213114
26.495081967213114
26.501639344262294
26.501639344262294
26.491803278688526
26.491803278688526
26.491803278688526
26.48688524590164
26.488524590163934
26.491803278688526
26.488524590163934
26.49672131147541
26.495081967213114
26.488524590163934
26.48688524590164
26.488524590163934
26.49344262295082
26.488524590163934
26.491803278688526
26.491803278688526
\
26.504918032786886
26.504918032786886
26.503278688524592
26.509836065573772
26.504918032786886
26.501639344262294
26.495081967213114
26.498360655737706
26.5
26.49344262295082
26.49344262295082
26.49344262295082
26.488524590163934
26.491803278688526
26.491803278688526
26.491803278688526
26.49672131147541
26.495081967213114
26.491803278688526
26.488524590163934
26.488524590163934
26.491803278688526
26.491803278688526
26.49344262295082
26.495081967213114
\
26.504918032786886
26.503278688524592
26.501639344262294
26.509836065573772
26.504918032786886
26.504918032786886
26.498360655737706
26.5
26.501639344262294
26.495081967213114
26.495081967213114
26.491803278688526
26.488524590163934
26.488524590163934
26.491803278688526
26.491803278688526
26.495081967213114
26.498360655737706
26.491803278688526
26.488524590163934
26.491803278688526
26.491803278688526
26.491803278688526
26.49344262295082
26.49344262295082
\
26.509836065573772
26.501639344262294
26.503278688524592
26.509836065573772
26.508196721311474
26.501639344262294
26.5
26.503278688524592
26.503278688524592
26.5
26.501639344262294
26.5
26.491803278688526
26.49344262295082
26.491803278688526
26.491803278688526
26.503278688524592
26.504918032786886
26.491803278688526
26.491803278688526
26.491803278688526
26.49672131147541
26.495081967213114
26.495081967213114
26.495081967213114
\
26.504918032786886
26.49672131147541
26.5
26.503278688524592
26.501639344262294
26.49672131147541
26.495081967213114
26.498360655737706
26.503278688524592
26.5
26.501639344262294
26.5
26.49344262295082
26.49672131147541
26.491803278688526
26.495081967213114
26.5
26.504918032786886
26.49344262295082
26.491803278688526
26.495081967213114
26.495081967213114
26.495081967213114
26.495081967213114
26.49344262295082
\
26.495081967213114
26.495081967213114
26.49344262295082
26.49672131147541
26.495081967213114
26.49344262295082
26.491803278688526
26.49344262295082
26.495081967213114
26.49344262295082
26.495081967213114
26.495081967213114
26.491803278688526
26.495081967213114
26.49344262295082
26.49344262295082
26.5
26.503278688524592
26.495081967213114
26.491803278688526
26.495081967213114
26.495081967213114
26.49344262295082
26.495081967213114
26.491803278688526
\
26.495081967213114
26.491803278688526
26.491803278688526
26.495081967213114
26.49672131147541
26.495081967213114
26.491803278688526
26.495081967213114
26.49344262295082
26.491803278688526
26.49344262295082
26.49344262295082
26.491803278688526
26.49344262295082
26.491803278688526
26.49344262295082
26.495081967213114
26.495081967213114
26.491803278688526
26.488524590163934
26.491803278688526
26.495081967213114
26.49344262295082
26.495081967213114
26.495081967213114
\
26.485245901639345
26.481967213114753
26.485245901639345
26.488524590163934
26.491803278688526
26.491803278688526
26.488524590163934
26.491803278688526
26.491803278688526
26.488524590163934
26.491803278688526
26.488524590163934
26.481967213114753
26.491803278688526
26.488524590163934
26.488524590163934
26.488524590163934
26.491803278688526
26.48688524590164
26.481967213114753
26.48688524590164
26.491803278688526
26.488524590163934
26.491803278688526
26.491803278688526
\
