26.534426229508195
26.52622950819672
26.527868852459015
26.531147540983607
26.52622950819672
26.531147540983607
26.531147540983607
26.51967213114754
26.529508196721313
26.527868852459015
26.531147540983607
26.52622950819672
26.51967213114754
26.51967213114754
26.522950819672133
26.531147540983607
26.527868852459015
26.52622950819672
26.516393442622952
26.522950819672133
26.531147540983607
\
26.51967213114754
26.516393442622952
26.516393442622952
26.51967213114754
26.51311475409836
26.51967213114754
26.51967213114754
26.516393442622952
26.51967213114754
26.521311475409835
26.521311475409835
26.516393442622952
26.516393442622952
26.508196721311474
26.51967213114754
26.51967213114754
26.51311475409836
26.514754098360655
26.508196721311474
26.516393442622952
26.521311475409835
\
26.51967213114754
26.516393442622952
26.516393442622952
26.522950819672133
26.51967213114754
26.52622950819672
26.52622950819672
26.521311475409835
26.52622950819672
26.524590163934427
26.522950819672133
26.51967213114754
26.51967213114754
26.51967213114754
26.522950819672133
26.51967213114754
26.516393442622952
26.516393442622952
26.51311475409836
26.522950819672133
26.527868852459015
\
26.522950819672133
26.51967213114754
26.522950819672133
26.522950819672133
26.522950819672133
26.52622950819672
26.52622950819672
26.522950819672133
26.52622950819672
26.52622950819672
26.522950819672133
26.51967213114754
26.51967213114754
26.522950819672133
26.522950819672133
26.516393442622952
26.516393442622952
26.51967213114754
26.51311475409836
26.521311475409835
26.52622950819672
\
26.52622950819672
26.52622950819672
26.522950819672133
26.534426229508195
26.522950819672133
26.522950819672133
26.522950819672133
26.531147540983607
26.52622950819672
26.527868852459015
26.531147540983607
26.52622950819672
26.52622950819672
26.522950819672133
26.51967213114754
26.51967213114754
26.522950819672133
26.522950819672133
26.51967213114754
26.51967213114754
26.51967213114754
26.516393442622952
26.51311475409836
26.51967213114754
26.52622950819672
\
26.531147540983607
26.534426229508195
26.531147540983607
26.540983606557376
26.531147540983607
26.529508196721313
26.52622950819672
26.537704918032787
26.527868852459015
26.531147540983607
26.537704918032787
26.52622950819672
26.52622950819672
26.51967213114754
26.522950819672133
26.51967213114754
26.521311475409835
26.522950819672133
26.51967213114754
26.51967213114754
26.51967213114754
26.51967213114754
26.514754098360655
26.51967213114754
26.531147540983607
\
26.531147540983607
26.531147540983607
26.531147540983607
26.53934426229508
26.531147540983607
26.531147540983607
26.52622950819672
26.537704918032787
26.52622950819672
26.531147540983607
26.527868852459015
26.522950819672133
26.521311475409835
26.516393442622952
26.51967213114754
26.51967213114754
26.51967213114754
26.521311475409835
26.522950819672133
26.51967213114754
26.516393442622952
26.522950819672133
26.51311475409836
26.516393442622952
26.52622950819672
\
26.529508196721313
26.531147540983607
26.52622950819672
26.53934426229508
26.531147540983607
26.527868852459015
26.527868852459015
26.534426229508195
26.529508196721313
26.529508196721313
26.527868852459015
26.516393442622952
26.51967213114754
26.516393442622952
26.51967213114754
26.51967213114754
26.51967213114754
26.51967213114754
26.522950819672133
26.516393442622952
26.51967213114754
26.51967213114754
26.516393442622952
26.516393442622952
26.52622950819672
\
26.51967213114754
26.531147540983607
26.52622950819672
26.53934426229508
26.531147540983607
26.531147540983607
26.52622950819672
26.531147540983607
26.527868852459015
26.522950819672133
26.522950819672133
26.516393442622952
26.516393442622952
26.516393442622952
26.51967213114754
26.51967213114754
26.51967213114754
26.51967213114754
26.51967213114754
26.516393442622952
26.516393442622952
26.51967213114754
26.51311475409836
26.516393442622952
26.527868852459015
\
26.521311475409835
26.527868852459015
26.52622950819672
26.53934426229508
26.53934426229508
26.527868852459015
26.527868852459015
26.531147540983607
26.522950819672133
26.52622950819672
26.51967213114754
26.514754098360655
26.516393442622952
26.516393442622952
26.51967213114754
26.516393442622952
26.516393442622952
26.51967213114754
26.51967213114754
26.51967213114754
26.516393442622952
26.51967213114754
26.508196721311474
26.516393442622952
26.52622950819672
\
26.522950819672133
26.529508196721313
26.52622950819672
26.53934426229508
26.534426229508195
26.534426229508195
26.527868852459015
26.534426229508195
26.52622950819672
26.52622950819672
26.51967213114754
26.516393442622952
26.51311475409836
26.516393442622952
26.51967213114754
26.516393442622952
26.516393442622952
26.516393442622952
26.516393442622952
26.516393442622952
26.516393442622952
26.516393442622952
26.508196721311474
26.516393442622952
26.522950819672133
\
26.527868852459015
26.531147540983607
26.531147540983607
26.542622950819673
26.53934426229508
26.537704918032787
26.531147540983607
26.53934426229508
26.531147540983607
26.531147540983607
26.531147540983607
26.52622950819672
26.527868852459015
26.522950819672133
26.524590163934427
26.522950819672133
26.52622950819672
26.529508196721313
26.522950819672133
26.522950819672133
26.524590163934427
26.52622950819672
26.51967213114754
26.522950819672133
26.529508196721313
\
26.52622950819672
26.531147540983607
26.52622950819672
26.537704918032787
26.531147540983607
26.52622950819672
26.52622950819672
26.529508196721313
26.529508196721313
26.531147540983607
26.537704918032787
26.529508196721313
26.534426229508195
26.527868852459015
26.52622950819672
26.522950819672133
26.522950819672133
26.527868852459015
26.522950819672133
26.521311475409835
26.521311475409835
26.52622950819672
26.51967213114754
26.522950819672133
26.52622950819672
\
26.52622950819672
26.522950819672133
26.51967213114754
26.52622950819672
26.522950819672133
26.51967213114754
26.522950819672133
26.52622950819672
26.521311475409835
26.52622950819672
26.527868852459015
26.522950819672133
26.529508196721313
26.52622950819672
26.52622950819672
26.52622950819672
26.516393442622952
26.524590163934427
26.524590163934427
26.52622950819672
26.51967213114754
26.522950819672133
26.516393442622952
26.51967213114754
26.52622950819672
\
26.516393442622952
26.51967213114754
26.51967213114754
26.52622950819672
26.522950819672133
26.516393442622952
26.51967213114754
26.521311475409835
26.516393442622952
26.51967213114754
26.52622950819672
26.51967213114754
26.52622950819672
26.521311475409835
26.522950819672133
26.521311475409835
26.51311475409836
26.516393442622952
26.51967213114754
26.51967213114754
26.516393442622952
26.516393442622952
26.516393442622952
26.51967213114754
26.52622950819672
\
26.51967213114754
26.51967213114754
26.516393442622952
26.527868852459015
26.522950819672133
26.521311475409835
26.521311475409835
26.52622950819672
26.51967213114754
26.522950819672133
26.522950819672133
26.51967213114754
26.522950819672133
26.52622950819672
26.52622950819672
26.51967213114754
26.516393442622952
26.516393442622952
26.52622950819672
26.522950819672133
26.51967213114754
26.51967213114754
26.51967213114754
26.52622950819672
26.531147540983607
\
