28.527868852459015
28.518032786885247
28.51967213114754
28.521311475409835
28.518032786885247
28.518032786885247
28.521311475409835
28.522950819672133
28.51311475409836
28.51967213114754
28.524590163934427
28.522950819672133
28.527868852459015
28.531147540983607
28.527868852459015
28.527868852459015
28.531147540983607
28.534426229508195
28.537704918032787
28.521311475409835
28.536065573770493
\
28.521311475409835
28.514754098360655
28.521311475409835
28.521311475409835
28.504918032786886
28.51311475409836
28.518032786885247
28.521311475409835
28.504918032786886
28.51967213114754
28.521311475409835
28.51967213114754
28.527868852459015
28.518032786885247
28.527868852459015
28.521311475409835
28.521311475409835
28.534426229508195
28.536065573770493
28.521311475409835
28.534426229508195
\
28.521311475409835
28.508196721311474
28.518032786885247
28.518032786885247
28.504918032786886
28.51311475409836
28.518032786885247
28.521311475409835
28.50655737704918
28.521311475409835
28.524590163934427
28.524590163934427
28.534426229508195
28.524590163934427
28.527868852459015
28.529508196721313
28.524590163934427
28.534426229508195
28.534426229508195
28.524590163934427
28.531147540983607
\
28.521311475409835
28.508196721311474
28.516393442622952
28.51967213114754
28.516393442622952
28.516393442622952
28.514754098360655
28.518032786885247
28.51311475409836
28.524590163934427
28.529508196721313
28.527868852459015
28.536065573770493
28.524590163934427
28.527868852459015
28.537704918032787
28.524590163934427
28.527868852459015
28.529508196721313
28.521311475409835
28.534426229508195
\
28.521311475409835
28.498360655737706
28.508196721311474
28.531147540983607
28.521311475409835
28.508196721311474
28.518032786885247
28.508196721311474
28.51311475409836
28.508196721311474
28.508196721311474
28.518032786885247
28.508196721311474
28.521311475409835
28.529508196721313
28.524590163934427
28.524590163934427
28.527868852459015
28.527868852459015
28.531147540983607
28.521311475409835
28.521311475409835
28.529508196721313
28.521311475409835
28.531147540983607
\
28.521311475409835
28.49672131147541
28.514754098360655
28.534426229508195
28.521311475409835
28.508196721311474
28.518032786885247
28.514754098360655
28.504918032786886
28.508196721311474
28.514754098360655
28.521311475409835
28.514754098360655
28.521311475409835
28.536065573770493
28.524590163934427
28.527868852459015
28.524590163934427
28.521311475409835
28.537704918032787
28.524590163934427
28.534426229508195
28.534426229508195
28.521311475409835
28.536065573770493
\
28.521311475409835
28.5
28.518032786885247
28.527868852459015
28.518032786885247
28.51311475409836
28.518032786885247
28.514754098360655
28.508196721311474
28.508196721311474
28.514754098360655
28.516393442622952
28.514754098360655
28.522950819672133
28.534426229508195
28.527868852459015
28.529508196721313
28.524590163934427
28.531147540983607
28.534426229508195
28.524590163934427
28.534426229508195
28.53934426229508
28.524590163934427
28.534426229508195
\
28.524590163934427
28.491803278688526
28.516393442622952
28.534426229508195
28.521311475409835
28.508196721311474
28.51311475409836
28.51311475409836
28.508196721311474
28.508196721311474
28.516393442622952
28.516393442622952
28.51311475409836
28.521311475409835
28.534426229508195
28.527868852459015
28.534426229508195
28.527868852459015
28.534426229508195
28.547540983606556
28.534426229508195
28.536065573770493
28.534426229508195
28.524590163934427
28.536065573770493
\
28.534426229508195
28.501639344262294
28.521311475409835
28.547540983606556
28.521311475409835
28.51311475409836
28.518032786885247
28.514754098360655
28.508196721311474
28.514754098360655
28.521311475409835
28.521311475409835
28.508196721311474
28.524590163934427
28.534426229508195
28.536065573770493
28.536065573770493
28.534426229508195
28.534426229508195
28.534426229508195
28.534426229508195
28.534426229508195
28.547540983606556
28.527868852459015
28.547540983606556
\
28.531147540983607
28.495081967213114
28.521311475409835
28.534426229508195
28.521311475409835
28.51311475409836
28.518032786885247
28.514754098360655
28.508196721311474
28.51311475409836
28.521311475409835
28.521311475409835
28.508196721311474
28.524590163934427
28.534426229508195
28.534426229508195
28.547540983606556
28.534426229508195
28.531147540983607
28.534426229508195
28.534426229508195
28.547540983606556
28.547540983606556
28.524590163934427
28.547540983606556
\
28.536065573770493
28.503278688524592
28.531147540983607
28.534426229508195
28.521311475409835
28.508196721311474
28.518032786885247
28.518032786885247
28.50655737704918
28.518032786885247
28.51967213114754
28.524590163934427
28.518032786885247
28.531147540983607
28.536065573770493
28.534426229508195
28.547540983606556
28.527868852459015
28.531147540983607
28.547540983606556
28.534426229508195
28.547540983606556
28.534426229508195
28.527868852459015
28.547540983606556
\
28.547540983606556
28.508196721311474
28.537704918032787
28.534426229508195
28.524590163934427
28.518032786885247
28.524590163934427
28.51967213114754
28.518032786885247
28.518032786885247
28.527868852459015
28.529508196721313
28.521311475409835
28.536065573770493
28.547540983606556
28.547540983606556
28.547540983606556
28.547540983606556
28.534426229508195
28.547540983606556
28.547540983606556
28.547540983606556
28.549180327868854
28.534426229508195
28.552459016393442
\
28.547540983606556
28.504918032786886
28.536065573770493
28.534426229508195
28.524590163934427
28.521311475409835
28.521311475409835
28.51967213114754
28.518032786885247
28.522950819672133
28.529508196721313
28.527868852459015
28.521311475409835
28.534426229508195
28.547540983606556
28.547540983606556
28.547540983606556
28.534426229508195
28.534426229508195
28.547540983606556
28.534426229508195
28.536065573770493
28.547540983606556
28.534426229508195
28.547540983606556
\
28.536065573770493
28.503278688524592
28.536065573770493
28.534426229508195
28.521311475409835
28.518032786885247
28.521311475409835
28.521311475409835
28.516393442622952
28.521311475409835
28.529508196721313
28.531147540983607
28.521311475409835
28.534426229508195
28.547540983606556
28.534426229508195
28.547540983606556
28.536065573770493
28.534426229508195
28.547540983606556
28.534426229508195
28.547540983606556
28.547540983606556
28.534426229508195
28.547540983606556
\
28.531147540983607
28.49672131147541
28.529508196721313
28.529508196721313
28.521311475409835
28.508196721311474
28.521311475409835
28.52622950819672
28.508196721311474
28.516393442622952
28.534426229508195
28.534426229508195
28.527868852459015
28.547540983606556
28.547540983606556
28.536065573770493
28.547540983606556
28.534426229508195
28.536065573770493
28.534426229508195
28.534426229508195
28.549180327868854
28.534426229508195
28.527868852459015
28.547540983606556
\
28.527868852459015
28.503278688524592
28.547540983606556
28.547540983606556
28.522950819672133
28.521311475409835
28.521311475409835
28.521311475409835
28.518032786885247
28.518032786885247
28.534426229508195
28.547540983606556
28.534426229508195
28.547540983606556
28.552459016393442
28.534426229508195
28.547540983606556
28.534426229508195
28.547540983606556
28.536065573770493
28.534426229508195
28.549180327868854
28.550819672131148
28.534426229508195
28.547540983606556
\
