26.504918032786886
26.514754098360655
26.51967213114754
26.516393442622952
26.516393442622952
26.518032786885247
26.516393442622952
26.508196721311474
26.516393442622952
26.514754098360655
26.51311475409836
26.514754098360655
26.51967213114754
26.51311475409836
26.51967213114754
26.514754098360655
26.508196721311474
26.516393442622952
26.521311475409835
26.51311475409836
26.514754098360655
\
26.495081967213114
26.508196721311474
26.503278688524592
26.503278688524592
26.508196721311474
26.51311475409836
26.50655737704918
26.501639344262294
26.504918032786886
26.503278688524592
26.504918032786886
26.504918032786886
26.51311475409836
26.504918032786886
26.504918032786886
26.498360655737706
26.49672131147541
26.504918032786886
26.504918032786886
26.504918032786886
26.508196721311474
\
26.501639344262294
26.501639344262294
26.503278688524592
26.504918032786886
26.503278688524592
26.51311475409836
26.514754098360655
26.503278688524592
26.51311475409836
26.508196721311474
26.511475409836066
26.508196721311474
26.516393442622952
26.503278688524592
26.503278688524592
26.501639344262294
26.495081967213114
26.508196721311474
26.51311475409836
26.508196721311474
26.50655737704918
\
26.498360655737706
26.501639344262294
26.498360655737706
26.501639344262294
26.50655737704918
26.511475409836066
26.511475409836066
26.511475409836066
26.51967213114754
26.51311475409836
26.51311475409836
26.51311475409836
26.51967213114754
26.511475409836066
26.516393442622952
26.51311475409836
26.50655737704918
26.521311475409835
26.51967213114754
26.516393442622952
26.508196721311474
\
26.508196721311474
26.503278688524592
26.503278688524592
26.508196721311474
26.504918032786886
26.504918032786886
26.504918032786886
26.511475409836066
26.511475409836066
26.508196721311474
26.514754098360655
26.51311475409836
26.51967213114754
26.516393442622952
26.518032786885247
26.516393442622952
26.524590163934427
26.516393442622952
26.521311475409835
26.518032786885247
26.516393442622952
26.524590163934427
26.521311475409835
26.514754098360655
26.516393442622952
\
26.504918032786886
26.504918032786886
26.501639344262294
26.511475409836066
26.508196721311474
26.504918032786886
26.508196721311474
26.511475409836066
26.51311475409836
26.514754098360655
26.521311475409835
26.51311475409836
26.521311475409835
26.51967213114754
26.518032786885247
26.51967213114754
26.521311475409835
26.51967213114754
26.52622950819672
26.521311475409835
26.516393442622952
26.522950819672133
26.522950819672133
26.521311475409835
26.51967213114754
\
26.503278688524592
26.501639344262294
26.503278688524592
26.508196721311474
26.501639344262294
26.50655737704918
26.503278688524592
26.508196721311474
26.508196721311474
26.514754098360655
26.51967213114754
26.508196721311474
26.51967213114754
26.516393442622952
26.51311475409836
26.518032786885247
26.521311475409835
26.51311475409836
26.521311475409835
26.521311475409835
26.504918032786886
26.521311475409835
26.522950819672133
26.518032786885247
26.51311475409836
\
26.508196721311474
26.50655737704918
26.511475409836066
26.514754098360655
26.508196721311474
26.508196721311474
26.508196721311474
26.511475409836066
26.511475409836066
26.51311475409836
26.51967213114754
26.51311475409836
26.527868852459015
26.518032786885247
26.516393442622952
26.521311475409835
26.524590163934427
26.514754098360655
26.52622950819672
26.521311475409835
26.514754098360655
26.52622950819672
26.522950819672133
26.518032786885247
26.51967213114754
\
26.50655737704918
26.508196721311474
26.511475409836066
26.508196721311474
26.504918032786886
26.508196721311474
26.508196721311474
26.514754098360655
26.51311475409836
26.511475409836066
26.516393442622952
26.51311475409836
26.522950819672133
26.514754098360655
26.514754098360655
26.51311475409836
26.521311475409835
26.51967213114754
26.52622950819672
26.522950819672133
26.518032786885247
26.524590163934427
26.52622950819672
26.516393442622952
26.51311475409836
\
26.503278688524592
26.50655737704918
26.504918032786886
26.503278688524592
26.501639344262294
26.504918032786886
26.50655737704918
26.503278688524592
26.51311475409836
26.511475409836066
26.51311475409836
26.501639344262294
26.508196721311474
26.511475409836066
26.503278688524592
26.508196721311474
26.51311475409836
26.516393442622952
26.51967213114754
26.51967213114754
26.51311475409836
26.521311475409835
26.51967213114754
26.518032786885247
26.516393442622952
\
26.503278688524592
26.504918032786886
26.508196721311474
26.508196721311474
26.508196721311474
26.501639344262294
26.501639344262294
26.50655737704918
26.511475409836066
26.514754098360655
26.51311475409836
26.504918032786886
26.504918032786886
26.501639344262294
26.504918032786886
26.504918032786886
26.516393442622952
26.51311475409836
26.521311475409835
26.516393442622952
26.504918032786886
26.521311475409835
26.51967213114754
26.51311475409836
26.516393442622952
\
26.501639344262294
26.508196721311474
26.50655737704918
26.504918032786886
26.503278688524592
26.504918032786886
26.508196721311474
26.516393442622952
26.51311475409836
26.514754098360655
26.521311475409835
26.511475409836066
26.508196721311474
26.501639344262294
26.508196721311474
26.508196721311474
26.521311475409835
26.51967213114754
26.51967213114754
26.516393442622952
26.508196721311474
26.521311475409835
26.518032786885247
26.518032786885247
26.51967213114754
\
26.508196721311474
26.51311475409836
26.508196721311474
26.511475409836066
26.504918032786886
26.51311475409836
26.514754098360655
26.511475409836066
26.51311475409836
26.521311475409835
26.521311475409835
26.51967213114754
26.518032786885247
26.51311475409836
26.514754098360655
26.51311475409836
26.51967213114754
26.518032786885247
26.521311475409835
26.51967213114754
26.508196721311474
26.524590163934427
26.522950819672133
26.518032786885247
26.521311475409835
\
26.498360655737706
26.503278688524592
26.501639344262294
26.504918032786886
26.508196721311474
26.51311475409836
26.51311475409836
26.514754098360655
26.514754098360655
26.516393442622952
26.51967213114754
26.518032786885247
26.51967213114754
26.51311475409836
26.514754098360655
26.511475409836066
26.516393442622952
26.51311475409836
26.51967213114754
26.51311475409836
26.501639344262294
26.522950819672133
26.521311475409835
26.518032786885247
26.51311475409836
\
26.498360655737706
26.5
26.504918032786886
26.504918032786886
26.504918032786886
26.504918032786886
26.501639344262294
26.501639344262294
26.511475409836066
26.51967213114754
26.516393442622952
26.51311475409836
26.522950819672133
26.516393442622952
26.514754098360655
26.51311475409836
26.516393442622952
26.511475409836066
26.514754098360655
26.514754098360655
26.501639344262294
26.521311475409835
26.521311475409835
26.516393442622952
26.50655737704918
\
26.495081967213114
26.49672131147541
26.503278688524592
26.503278688524592
26.501639344262294
26.503278688524592
26.503278688524592
26.501639344262294
26.501639344262294
26.50655737704918
26.508196721311474
26.504918032786886
26.511475409836066
26.51311475409836
26.504918032786886
26.504918032786886
26.511475409836066
26.508196721311474
26.51311475409836
26.504918032786886
26.501639344262294
26.508196721311474
26.516393442622952
26.51311475409836
26.51311475409836
\
