26.522950819672133
26.52622950819672
26.52622950819672
26.52622950819672
26.5327868852459
26.51967213114754
26.509836065573772
26.51967213114754
26.518032786885247
26.521311475409835
26.51967213114754
26.521311475409835
26.522950819672133
26.5327868852459
26.52622950819672
26.527868852459015
26.529508196721313
26.529508196721313
26.529508196721313
26.52622950819672
26.52622950819672
\
26.51311475409836
26.518032786885247
26.51967213114754
26.51311475409836
26.51967213114754
26.511475409836066
26.501639344262294
26.509836065573772
26.504918032786886
26.508196721311474
26.514754098360655
26.514754098360655
26.511475409836066
26.522950819672133
26.51311475409836
26.51967213114754
26.51967213114754
26.521311475409835
26.51311475409836
26.516393442622952
26.518032786885247
\
26.516393442622952
26.516393442622952
26.516393442622952
26.516393442622952
26.522950819672133
26.516393442622952
26.504918032786886
26.504918032786886
26.504918032786886
26.511475409836066
26.509836065573772
26.516393442622952
26.508196721311474
26.51967213114754
26.518032786885247
26.52622950819672
26.516393442622952
26.516393442622952
26.518032786885247
26.516393442622952
26.51967213114754
\
26.514754098360655
26.51967213114754
26.521311475409835
26.516393442622952
26.52622950819672
26.51967213114754
26.508196721311474
26.509836065573772
26.504918032786886
26.511475409836066
26.511475409836066
26.509836065573772
26.516393442622952
26.522950819672133
26.516393442622952
26.521311475409835
26.516393442622952
26.51967213114754
26.514754098360655
26.521311475409835
26.51967213114754
\
26.509836065573772
26.51311475409836
26.503278688524592
26.516393442622952
26.52622950819672
26.521311475409835
26.52622950819672
26.51967213114754
26.52622950819672
26.516393442622952
26.508196721311474
26.514754098360655
26.508196721311474
26.51311475409836
26.51311475409836
26.516393442622952
26.51311475409836
26.521311475409835
26.511475409836066
26.522950819672133
26.511475409836066
26.509836065573772
26.508196721311474
26.51967213114754
26.514754098360655
\
26.509836065573772
26.521311475409835
26.508196721311474
26.516393442622952
26.516393442622952
26.518032786885247
26.516393442622952
26.516393442622952
26.522950819672133
26.516393442622952
26.508196721311474
26.51967213114754
26.509836065573772
26.516393442622952
26.51967213114754
26.514754098360655
26.514754098360655
26.51311475409836
26.514754098360655
26.516393442622952
26.511475409836066
26.51311475409836
26.508196721311474
26.511475409836066
26.521311475409835
\
26.508196721311474
26.51967213114754
26.504918032786886
26.508196721311474
26.508196721311474
26.508196721311474
26.511475409836066
26.514754098360655
26.514754098360655
26.509836065573772
26.504918032786886
26.518032786885247
26.511475409836066
26.516393442622952
26.51311475409836
26.51967213114754
26.516393442622952
26.514754098360655
26.516393442622952
26.521311475409835
26.509836065573772
26.509836065573772
26.504918032786886
26.508196721311474
26.509836065573772
\
26.509836065573772
26.51967213114754
26.504918032786886
26.509836065573772
26.511475409836066
26.51311475409836
26.514754098360655
26.508196721311474
26.514754098360655
26.509836065573772
26.516393442622952
26.51967213114754
26.516393442622952
26.52622950819672
26.51967213114754
26.52622950819672
26.51967213114754
26.52622950819672
26.518032786885247
26.529508196721313
26.518032786885247
26.516393442622952
26.509836065573772
26.508196721311474
26.511475409836066
\
26.511475409836066
26.516393442622952
26.504918032786886
26.51311475409836
26.516393442622952
26.509836065573772
26.514754098360655
26.514754098360655
26.51967213114754
26.516393442622952
26.509836065573772
26.51967213114754
26.516393442622952
26.529508196721313
26.51967213114754
26.52622950819672
26.52622950819672
26.52622950819672
26.51967213114754
26.52622950819672
26.514754098360655
26.516393442622952
26.508196721311474
26.508196721311474
26.514754098360655
\
26.514754098360655
26.514754098360655
26.504918032786886
26.508196721311474
26.511475409836066
26.509836065573772
26.518032786885247
26.514754098360655
26.514754098360655
26.514754098360655
26.514754098360655
26.511475409836066
26.508196721311474
26.51967213114754
26.516393442622952
26.516393442622952
26.516393442622952
26.51967213114754
26.514754098360655
26.52622950819672
26.514754098360655
26.518032786885247
26.504918032786886
26.504918032786886
26.51311475409836
\
26.508196721311474
26.514754098360655
26.504918032786886
26.508196721311474
26.509836065573772
26.509836065573772
26.51967213114754
26.511475409836066
26.516393442622952
26.508196721311474
26.51311475409836
26.514754098360655
26.504918032786886
26.51311475409836
26.508196721311474
26.516393442622952
26.508196721311474
26.51967213114754
26.51967213114754
26.522950819672133
26.51967213114754
26.518032786885247
26.508196721311474
26.508196721311474
26.51967213114754
\
26.508196721311474
26.508196721311474
26.504918032786886
26.508196721311474
26.509836065573772
26.509836065573772
26.51311475409836
26.508196721311474
26.518032786885247
26.514754098360655
26.51311475409836
26.518032786885247
26.504918032786886
26.518032786885247
26.51311475409836
26.514754098360655
26.508196721311474
26.51967213114754
26.51967213114754
26.516393442622952
26.514754098360655
26.51311475409836
26.504918032786886
26.514754098360655
26.52622950819672
\
26.508196721311474
26.509836065573772
26.504918032786886
26.508196721311474
26.514754098360655
26.508196721311474
26.518032786885247
26.509836065573772
26.51967213114754
26.516393442622952
26.504918032786886
26.51311475409836
26.508196721311474
26.518032786885247
26.516393442622952
26.51967213114754
26.51311475409836
26.516393442622952
26.521311475409835
26.521311475409835
26.521311475409835
26.514754098360655
26.514754098360655
26.516393442622952
26.52622950819672
\
26.508196721311474
26.508196721311474
26.504918032786886
26.509836065573772
26.509836065573772
26.509836065573772
26.521311475409835
26.508196721311474
26.51967213114754
26.516393442622952
26.509836065573772
26.514754098360655
26.511475409836066
26.516393442622952
26.522950819672133
26.521311475409835
26.516393442622952
26.52622950819672
26.522950819672133
26.52622950819672
26.52622950819672
26.522950819672133
26.521311475409835
26.527868852459015
26.52622950819672
\
26.509836065573772
26.51967213114754
26.504918032786886
26.516393442622952
26.518032786885247
26.521311475409835
26.52622950819672
26.518032786885247
26.521311475409835
26.522950819672133
26.514754098360655
26.516393442622952
26.509836065573772
26.521311475409835
26.516393442622952
26.522950819672133
26.52622950819672
26.52622950819672
26.522950819672133
26.529508196721313
26.521311475409835
26.52622950819672
26.516393442622952
26.522950819672133
26.521311475409835
\
26.504918032786886
26.514754098360655
26.508196721311474
26.516393442622952
26.51967213114754
26.52622950819672
26.52622950819672
26.518032786885247
26.52622950819672
26.522950819672133
26.511475409836066
26.516393442622952
26.509836065573772
26.51967213114754
26.522950819672133
26.527868852459015
26.52622950819672
26.52622950819672
26.522950819672133
26.529508196721313
26.522950819672133
26.522950819672133
26.52622950819672
26.52622950819672
26.52622950819672
\
