26.477049180327867
26.48032786885246
26.481967213114753
26.48032786885246
26.48032786885246
26.481967213114753
26.478688524590165
26.48032786885246
26.478688524590165
26.477049180327867
26.478688524590165
26.477049180327867
26.477049180327867
26.48032786885246
26.477049180327867
26.48032786885246
26.485245901639345
26.48032786885246
26.477049180327867
26.478688524590165
26.48032786885246
\
26.477049180327867
26.478688524590165
26.478688524590165
26.477049180327867
26.477049180327867
26.48032786885246
26.477049180327867
26.477049180327867
26.48032786885246
26.477049180327867
26.477049180327867
26.477049180327867
26.477049180327867
26.478688524590165
26.475409836065573
26.477049180327867
26.48032786885246
26.477049180327867
26.47377049180328
26.475409836065573
26.47377049180328
\
26.477049180327867
26.481967213114753
26.48032786885246
26.478688524590165
26.478688524590165
26.481967213114753
26.478688524590165
26.478688524590165
26.481967213114753
26.481967213114753
26.48032786885246
26.48032786885246
26.478688524590165
26.48032786885246
26.477049180327867
26.478688524590165
26.485245901639345
26.48032786885246
26.477049180327867
26.48032786885246
26.478688524590165
\
26.477049180327867
26.478688524590165
26.478688524590165
26.478688524590165
26.48032786885246
26.481967213114753
26.478688524590165
26.485245901639345
26.49344262295082
26.48688524590164
26.485245901639345
26.48032786885246
26.481967213114753
26.48688524590164
26.481967213114753
26.481967213114753
26.49344262295082
26.485245901639345
26.485245901639345
26.48688524590164
26.481967213114753
\
26.485245901639345
26.475409836065573
26.478688524590165
26.481967213114753
26.477049180327867
26.478688524590165
26.478688524590165
26.478688524590165
26.48032786885246
26.48032786885246
26.478688524590165
26.485245901639345
26.48688524590164
26.48688524590164
26.485245901639345
26.48032786885246
26.48032786885246
26.488524590163934
26.481967213114753
26.485245901639345
26.495081967213114
26.48688524590164
26.481967213114753
26.48032786885246
26.481967213114753
\
26.48688524590164
26.477049180327867
26.48032786885246
26.48688524590164
26.481967213114753
26.481967213114753
26.481967213114753
26.481967213114753
26.48032786885246
26.488524590163934
26.485245901639345
26.485245901639345
26.48688524590164
26.48688524590164
26.48688524590164
26.48688524590164
26.48688524590164
26.48688524590164
26.48688524590164
26.48688524590164
26.5
26.48688524590164
26.48688524590164
26.48688524590164
26.48688524590164
\
26.481967213114753
26.475409836065573
26.48032786885246
26.485245901639345
26.478688524590165
26.478688524590165
26.478688524590165
26.478688524590165
26.477049180327867
26.48688524590164
26.481967213114753
26.485245901639345
26.48688524590164
26.481967213114753
26.485245901639345
26.481967213114753
26.48688524590164
26.48688524590164
26.48688524590164
26.48688524590164
26.498360655737706
26.49344262295082
26.48688524590164
26.485245901639345
26.481967213114753
\
26.481967213114753
26.475409836065573
26.478688524590165
26.481967213114753
26.478688524590165
26.478688524590165
26.481967213114753
26.478688524590165
26.478688524590165
26.48688524590164
26.481967213114753
26.481967213114753
26.48688524590164
26.48032786885246
26.48032786885246
26.481967213114753
26.485245901639345
26.48688524590164
26.48688524590164
26.490163934426228
26.495081967213114
26.495081967213114
26.48688524590164
26.485245901639345
26.48032786885246
\
26.48032786885246
26.477049180327867
26.478688524590165
26.481967213114753
26.478688524590165
26.48032786885246
26.48032786885246
26.478688524590165
26.48032786885246
26.48688524590164
26.481967213114753
26.481967213114753
26.488524590163934
26.481967213114753
26.48032786885246
26.481967213114753
26.485245901639345
26.48688524590164
26.48688524590164
26.49344262295082
26.498360655737706
26.495081967213114
26.48688524590164
26.481967213114753
26.481967213114753
\
26.48032786885246
26.478688524590165
26.477049180327867
26.485245901639345
26.481967213114753
26.481967213114753
26.481967213114753
26.478688524590165
26.478688524590165
26.485245901639345
26.481967213114753
26.481967213114753
26.485245901639345
26.478688524590165
26.478688524590165
26.478688524590165
26.478688524590165
26.48688524590164
26.48688524590164
26.49344262295082
26.5
26.498360655737706
26.48688524590164
26.485245901639345
26.48688524590164
\
26.48688524590164
26.477049180327867
26.48032786885246
26.48688524590164
26.48032786885246
26.48688524590164
26.48688524590164
26.478688524590165
26.481967213114753
26.48688524590164
26.48688524590164
26.48688524590164
26.48032786885246
26.477049180327867
26.478688524590165
26.48032786885246
26.48032786885246
26.490163934426228
26.481967213114753
26.495081967213114
26.5
26.495081967213114
26.490163934426228
26.495081967213114
26.495081967213114
\
26.481967213114753
26.478688524590165
26.478688524590165
26.481967213114753
26.481967213114753
26.481967213114753
26.48688524590164
26.485245901639345
26.48032786885246
26.49344262295082
26.48688524590164
26.485245901639345
26.48032786885246
26.477049180327867
26.478688524590165
26.48032786885246
26.48032786885246
26.488524590163934
26.48688524590164
26.49344262295082
26.498360655737706
26.48688524590164
26.48688524590164
26.49344262295082
26.49344262295082
\
26.485245901639345
26.477049180327867
26.48032786885246
26.48032786885246
26.478688524590165
26.481967213114753
26.48688524590164
26.481967213114753
26.48032786885246
26.48688524590164
26.48688524590164
26.488524590163934
26.485245901639345
26.477049180327867
26.48032786885246
26.481967213114753
26.481967213114753
26.48688524590164
26.485245901639345
26.488524590163934
26.498360655737706
26.48688524590164
26.48688524590164
26.49344262295082
26.49344262295082
\
26.481967213114753
26.477049180327867
26.478688524590165
26.48032786885246
26.478688524590165
26.485245901639345
26.48688524590164
26.481967213114753
26.48032786885246
26.49344262295082
26.485245901639345
26.48688524590164
26.48688524590164
26.478688524590165
26.485245901639345
26.48032786885246
26.485245901639345
26.485245901639345
26.481967213114753
26.485245901639345
26.495081967213114
26.48688524590164
26.48688524590164
26.48688524590164
26.490163934426228
\
26.48032786885246
26.475409836065573
26.478688524590165
26.481967213114753
26.478688524590165
26.481967213114753
26.48032786885246
26.48032786885246
26.477049180327867
26.488524590163934
26.481967213114753
26.485245901639345
26.48688524590164
26.48032786885246
26.481967213114753
26.478688524590165
26.478688524590165
26.481967213114753
26.478688524590165
26.485245901639345
26.49344262295082
26.48688524590164
26.48688524590164
26.48688524590164
26.48688524590164
\
26.478688524590165
26.47377049180328
26.475409836065573
26.478688524590165
26.478688524590165
26.478688524590165
26.477049180327867
26.477049180327867
26.475409836065573
26.48032786885246
26.478688524590165
26.48032786885246
26.485245901639345
26.478688524590165
26.478688524590165
26.478688524590165
26.477049180327867
26.478688524590165
26.478688524590165
26.478688524590165
26.490163934426228
26.485245901639345
26.485245901639345
26.481967213114753
26.481967213114753
\
