26.536065573770493
26.536065573770493
26.5327868852459
26.53934426229508
26.5327868852459
26.53934426229508
26.536065573770493
26.536065573770493
26.534426229508195
26.536065573770493
26.5327868852459
26.536065573770493
26.537704918032787
26.537704918032787
26.536065573770493
26.531147540983607
26.53934426229508
26.542622950819673
26.534426229508195
26.536065573770493
26.534426229508195
\
26.529508196721313
26.529508196721313
26.527868852459015
26.531147540983607
26.531147540983607
26.52622950819672
26.524590163934427
26.521311475409835
26.524590163934427
26.52622950819672
26.521311475409835
26.529508196721313
26.531147540983607
26.529508196721313
26.529508196721313
26.529508196721313
26.529508196721313
26.531147540983607
26.527868852459015
26.524590163934427
26.529508196721313
\
26.529508196721313
26.524590163934427
26.529508196721313
26.531147540983607
26.52622950819672
26.52622950819672
26.524590163934427
26.521311475409835
26.521311475409835
26.521311475409835
26.51967213114754
26.521311475409835
26.524590163934427
26.531147540983607
26.52622950819672
26.52622950819672
26.5327868852459
26.531147540983607
26.529508196721313
26.529508196721313
26.531147540983607
\
26.524590163934427
26.52622950819672
26.52622950819672
26.531147540983607
26.52622950819672
26.521311475409835
26.521311475409835
26.51967213114754
26.51967213114754
26.51967213114754
26.51967213114754
26.51967213114754
26.521311475409835
26.52622950819672
26.52622950819672
26.52622950819672
26.531147540983607
26.531147540983607
26.521311475409835
26.529508196721313
26.529508196721313
\
26.521311475409835
26.51967213114754
26.521311475409835
26.51967213114754
26.521311475409835
26.522950819672133
26.527868852459015
26.529508196721313
26.51967213114754
26.51967213114754
26.521311475409835
26.51967213114754
26.511475409836066
26.51967213114754
26.521311475409835
26.518032786885247
26.51967213114754
26.521311475409835
26.51967213114754
26.521311475409835
26.522950819672133
26.521311475409835
26.518032786885247
26.521311475409835
26.531147540983607
\
26.51967213114754
26.51967213114754
26.521311475409835
26.521311475409835
26.51967213114754
26.521311475409835
26.52622950819672
26.52622950819672
26.51967213114754
26.521311475409835
26.521311475409835
26.51967213114754
26.511475409836066
26.51967213114754
26.51967213114754
26.518032786885247
26.521311475409835
26.521311475409835
26.518032786885247
26.51967213114754
26.521311475409835
26.51967213114754
26.518032786885247
26.51967213114754
26.531147540983607
\
26.521311475409835
26.518032786885247
26.521311475409835
26.51967213114754
26.51967213114754
26.51967213114754
26.521311475409835
26.524590163934427
26.518032786885247
26.521311475409835
26.521311475409835
26.51967213114754
26.51967213114754
26.521311475409835
26.511475409836066
26.51967213114754
26.521311475409835
26.52622950819672
26.518032786885247
26.521311475409835
26.524590163934427
26.521311475409835
26.511475409836066
26.51967213114754
26.522950819672133
\
26.51967213114754
26.511475409836066
26.518032786885247
26.518032786885247
26.511475409836066
26.518032786885247
26.51967213114754
26.521311475409835
26.511475409836066
26.51967213114754
26.522950819672133
26.521311475409835
26.521311475409835
26.521311475409835
26.51967213114754
26.521311475409835
26.529508196721313
26.529508196721313
26.521311475409835
26.52622950819672
26.524590163934427
26.521311475409835
26.51967213114754
26.51967213114754
26.524590163934427
\
26.51967213114754
26.511475409836066
26.518032786885247
26.518032786885247
26.51311475409836
26.511475409836066
26.51967213114754
26.521311475409835
26.518032786885247
26.521311475409835
26.524590163934427
26.521311475409835
26.521311475409835
26.521311475409835
26.51967213114754
26.521311475409835
26.52622950819672
26.52622950819672
26.524590163934427
26.524590163934427
26.529508196721313
26.52622950819672
26.51967213114754
26.51967213114754
26.524590163934427
\
26.511475409836066
26.511475409836066
26.511475409836066
26.516393442622952
26.511475409836066
26.511475409836066
26.51967213114754
26.51967213114754
26.511475409836066
26.51967213114754
26.524590163934427
26.51967213114754
26.518032786885247
26.51967213114754
26.51967213114754
26.51967213114754
26.51967213114754
26.524590163934427
26.51967213114754
26.521311475409835
26.52622950819672
26.522950819672133
26.518032786885247
26.51967213114754
26.524590163934427
\
26.518032786885247
26.518032786885247
26.518032786885247
26.518032786885247
26.511475409836066
26.511475409836066
26.51967213114754
26.521311475409835
26.511475409836066
26.521311475409835
26.521311475409835
26.511475409836066
26.511475409836066
26.511475409836066
26.511475409836066
26.511475409836066
26.521311475409835
26.52622950819672
26.51967213114754
26.51967213114754
26.52622950819672
26.524590163934427
26.521311475409835
26.51967213114754
26.529508196721313
\
26.518032786885247
26.518032786885247
26.516393442622952
26.51967213114754
26.51311475409836
26.516393442622952
26.521311475409835
26.521311475409835
26.51967213114754
26.521311475409835
26.524590163934427
26.51967213114754
26.51311475409836
26.509836065573772
26.516393442622952
26.518032786885247
26.51967213114754
26.521311475409835
26.51967213114754
26.521311475409835
26.524590163934427
26.52622950819672
26.521311475409835
26.52622950819672
26.531147540983607
\
26.521311475409835
26.511475409836066
26.516393442622952
26.51967213114754
26.51311475409836
26.518032786885247
26.521311475409835
26.521311475409835
26.521311475409835
26.51967213114754
26.52622950819672
26.516393442622952
26.511475409836066
26.511475409836066
26.511475409836066
26.518032786885247
26.521311475409835
26.524590163934427
26.51967213114754
26.521311475409835
26.52622950819672
26.529508196721313
26.524590163934427
26.524590163934427
26.531147540983607
\
26.51967213114754
26.511475409836066
26.51967213114754
26.51967213114754
26.51311475409836
26.511475409836066
26.521311475409835
26.521311475409835
26.51967213114754
26.51967213114754
26.521311475409835
26.516393442622952
26.511475409836066
26.516393442622952
26.521311475409835
26.521311475409835
26.524590163934427
26.531147540983607
26.527868852459015
26.52622950819672
26.531147540983607
26.531147540983607
26.529508196721313
26.529508196721313
26.5327868852459
\
26.51967213114754
26.511475409836066
26.516393442622952
26.521311475409835
26.51967213114754
26.524590163934427
26.521311475409835
26.52622950819672
26.51967213114754
26.51967213114754
26.521311475409835
26.516393442622952
26.511475409836066
26.511475409836066
26.51967213114754
26.524590163934427
26.531147540983607
26.536065573770493
26.529508196721313
26.531147540983607
26.534426229508195
26.536065573770493
26.531147540983607
26.529508196721313
26.531147540983607
\
26.51967213114754
26.51967213114754
26.521311475409835
26.521311475409835
26.524590163934427
26.529508196721313
26.52622950819672
26.529508196721313
26.524590163934427
26.521311475409835
26.521311475409835
26.51967213114754
26.518032786885247
26.51967213114754
26.51967213114754
26.52622950819672
26.529508196721313
26.531147540983607
26.527868852459015
26.529508196721313
26.529508196721313
26.5327868852459
26.537704918032787
26.529508196721313
26.531147540983607
\
