26.5
26.5
26.498360655737706
26.5
26.501639344262294
26.50655737704918
26.498360655737706
26.498360655737706
26.5
26.488524590163934
26.5
26.5
26.498360655737706
26.508196721311474
26.49672131147541
26.495081967213114
26.498360655737706
26.509836065573772
26.5
26.503278688524592
26.495081967213114
\
26.495081967213114
26.488524590163934
26.498360655737706
26.485245901639345
26.488524590163934
26.5
26.495081967213114
26.5
26.48688524590164
26.485245901639345
26.498360655737706
26.495081967213114
26.48688524590164
26.495081967213114
26.48688524590164
26.48688524590164
26.488524590163934
26.495081967213114
26.488524590163934
26.495081967213114
26.481967213114753
\
26.498360655737706
26.49344262295082
26.491803278688526
26.495081967213114
26.49672131147541
26.5
26.501639344262294
26.495081967213114
26.495081967213114
26.488524590163934
26.5
26.501639344262294
26.495081967213114
26.495081967213114
26.488524590163934
26.495081967213114
26.498360655737706
26.5
26.49672131147541
26.495081967213114
26.48688524590164
\
26.498360655737706
26.498360655737706
26.495081967213114
26.49344262295082
26.498360655737706
26.503278688524592
26.504918032786886
26.498360655737706
26.495081967213114
26.495081967213114
26.504918032786886
26.498360655737706
26.495081967213114
26.498360655737706
26.495081967213114
26.495081967213114
26.498360655737706
26.504918032786886
26.5
26.5
26.495081967213114
\
26.501639344262294
26.488524590163934
26.488524590163934
26.504918032786886
26.498360655737706
26.498360655737706
26.5
26.498360655737706
26.498360655737706
26.508196721311474
26.504918032786886
26.508196721311474
26.503278688524592
26.498360655737706
26.5
26.501639344262294
26.5
26.501639344262294
26.495081967213114
26.503278688524592
26.498360655737706
26.503278688524592
26.503278688524592
26.50655737704918
26.495081967213114
\
26.503278688524592
26.5
26.495081967213114
26.51967213114754
26.503278688524592
26.503278688524592
26.501639344262294
26.50655737704918
26.50655737704918
26.50655737704918
26.51311475409836
26.51967213114754
26.498360655737706
26.5
26.509836065573772
26.508196721311474
26.50655737704918
26.504918032786886
26.501639344262294
26.5
26.501639344262294
26.509836065573772
26.503278688524592
26.503278688524592
26.49672131147541
\
26.498360655737706
26.495081967213114
26.495081967213114
26.50655737704918
26.49672131147541
26.5
26.501639344262294
26.49672131147541
26.495081967213114
26.503278688524592
26.504918032786886
26.50655737704918
26.50655737704918
26.504918032786886
26.50655737704918
26.509836065573772
26.503278688524592
26.509836065573772
26.498360655737706
26.5
26.5
26.50655737704918
26.498360655737706
26.5
26.495081967213114
\
26.5
26.491803278688526
26.485245901639345
26.509836065573772
26.501639344262294
26.503278688524592
26.5
26.49672131147541
26.498360655737706
26.504918032786886
26.509836065573772
26.50655737704918
26.50655737704918
26.509836065573772
26.509836065573772
26.516393442622952
26.509836065573772
26.514754098360655
26.5
26.509836065573772
26.501639344262294
26.509836065573772
26.501639344262294
26.501639344262294
26.495081967213114
\
26.501639344262294
26.495081967213114
26.488524590163934
26.516393442622952
26.50655737704918
26.5
26.504918032786886
26.491803278688526
26.498360655737706
26.508196721311474
26.51311475409836
26.50655737704918
26.508196721311474
26.516393442622952
26.509836065573772
26.516393442622952
26.503278688524592
26.514754098360655
26.503278688524592
26.49672131147541
26.5
26.50655737704918
26.49672131147541
26.501639344262294
26.495081967213114
\
26.50655737704918
26.495081967213114
26.491803278688526
26.509836065573772
26.5
26.5
26.501639344262294
26.498360655737706
26.5
26.503278688524592
26.509836065573772
26.504918032786886
26.498360655737706
26.503278688524592
26.5
26.508196721311474
26.504918032786886
26.508196721311474
26.495081967213114
26.49672131147541
26.495081967213114
26.503278688524592
26.498360655737706
26.49672131147541
26.495081967213114
\
26.5
26.5
26.498360655737706
26.508196721311474
26.49672131147541
26.503278688524592
26.498360655737706
26.498360655737706
26.503278688524592
26.503278688524592
26.503278688524592
26.509836065573772
26.498360655737706
26.5
26.503278688524592
26.50655737704918
26.495081967213114
26.5
26.5
26.501639344262294
26.498360655737706
26.511475409836066
26.508196721311474
26.498360655737706
26.49672131147541
\
26.508196721311474
26.5
26.498360655737706
26.508196721311474
26.5
26.511475409836066
26.5
26.498360655737706
26.503278688524592
26.508196721311474
26.503278688524592
26.503278688524592
26.503278688524592
26.501639344262294
26.501639344262294
26.509836065573772
26.495081967213114
26.503278688524592
26.5
26.49672131147541
26.495081967213114
26.516393442622952
26.5
26.498360655737706
26.498360655737706
\
26.501639344262294
26.501639344262294
26.495081967213114
26.504918032786886
26.495081967213114
26.503278688524592
26.498360655737706
26.498360655737706
26.504918032786886
26.514754098360655
26.511475409836066
26.5
26.5
26.498360655737706
26.5
26.509836065573772
26.495081967213114
26.508196721311474
26.495081967213114
26.495081967213114
26.5
26.50655737704918
26.504918032786886
26.49672131147541
26.495081967213114
\
26.5
26.495081967213114
26.495081967213114
26.50655737704918
26.495081967213114
26.501639344262294
26.498360655737706
26.498360655737706
26.501639344262294
26.504918032786886
26.508196721311474
26.5
26.5
26.498360655737706
26.501639344262294
26.501639344262294
26.495081967213114
26.508196721311474
26.495081967213114
26.498360655737706
26.495081967213114
26.503278688524592
26.5
26.5
26.5
\
26.495081967213114
26.495081967213114
26.48688524590164
26.501639344262294
26.498360655737706
26.498360655737706
26.5
26.495081967213114
26.5
26.508196721311474
26.498360655737706
26.498360655737706
26.5
26.498360655737706
26.498360655737706
26.498360655737706
26.495081967213114
26.503278688524592
26.495081967213114
26.48688524590164
26.488524590163934
26.503278688524592
26.498360655737706
26.495081967213114
26.490163934426228
\
26.498360655737706
26.498360655737706
26.491803278688526
26.503278688524592
26.49672131147541
26.498360655737706
26.498360655737706
26.491803278688526
26.498360655737706
26.5
26.498360655737706
26.495081967213114
26.5
26.491803278688526
26.49672131147541
26.49672131147541
26.491803278688526
26.498360655737706
26.495081967213114
26.49672131147541
26.488524590163934
26.501639344262294
26.5
26.495081967213114
26.491803278688526
\
