28.481967213114753
28.45409836065574
28.477049180327867
28.45409836065574
28.477049180327867
28.477049180327867
28.478688524590165
28.481967213114753
28.45409836065574
28.477049180327867
28.478688524590165
28.478688524590165
28.481967213114753
28.483606557377048
28.478688524590165
28.481967213114753
28.483606557377048
28.498360655737706
28.488524590163934
28.501639344262294
28.490163934426228
\
28.478688524590165
28.477049180327867
28.455737704918032
28.455737704918032
28.477049180327867
28.477049180327867
28.45409836065574
28.45409836065574
28.45409836065574
28.45409836065574
28.478688524590165
28.45409836065574
28.477049180327867
28.481967213114753
28.481967213114753
28.483606557377048
28.478688524590165
28.490163934426228
28.485245901639345
28.488524590163934
28.490163934426228
\
28.478688524590165
28.477049180327867
28.477049180327867
28.455737704918032
28.477049180327867
28.477049180327867
28.45409836065574
28.45409836065574
28.452459016393444
28.477049180327867
28.45409836065574
28.478688524590165
28.455737704918032
28.488524590163934
28.485245901639345
28.483606557377048
28.481967213114753
28.485245901639345
28.485245901639345
28.490163934426228
28.485245901639345
\
28.478688524590165
28.45409836065574
28.477049180327867
28.455737704918032
28.45409836065574
28.477049180327867
28.478688524590165
28.455737704918032
28.45409836065574
28.45409836065574
28.478688524590165
28.478688524590165
28.481967213114753
28.490163934426228
28.483606557377048
28.483606557377048
28.481967213114753
28.483606557377048
28.481967213114753
28.498360655737706
28.490163934426228
\
28.490163934426228
28.477049180327867
28.45409836065574
28.48032786885246
28.478688524590165
28.45409836065574
28.457377049180327
28.477049180327867
28.457377049180327
28.477049180327867
28.45409836065574
28.477049180327867
28.455737704918032
28.455737704918032
28.478688524590165
28.481967213114753
28.483606557377048
28.490163934426228
28.485245901639345
28.488524590163934
28.481967213114753
28.490163934426228
28.485245901639345
28.498360655737706
28.488524590163934
\
28.490163934426228
28.478688524590165
28.439344262295084
28.48032786885246
28.478688524590165
28.478688524590165
28.478688524590165
28.455737704918032
28.478688524590165
28.477049180327867
28.478688524590165
28.478688524590165
28.477049180327867
28.477049180327867
28.481967213114753
28.481967213114753
28.488524590163934
28.488524590163934
28.490163934426228
28.483606557377048
28.483606557377048
28.490163934426228
28.488524590163934
28.498360655737706
28.490163934426228
\
28.498360655737706
28.478688524590165
28.439344262295084
28.481967213114753
28.478688524590165
28.478688524590165
28.478688524590165
28.478688524590165
28.478688524590165
28.478688524590165
28.477049180327867
28.478688524590165
28.478688524590165
28.478688524590165
28.481967213114753
28.483606557377048
28.490163934426228
28.488524590163934
28.490163934426228
28.490163934426228
28.488524590163934
28.498360655737706
28.488524590163934
28.498360655737706
28.488524590163934
\
28.490163934426228
28.481967213114753
28.439344262295084
28.48032786885246
28.481967213114753
28.478688524590165
28.478688524590165
28.45409836065574
28.457377049180327
28.45409836065574
28.478688524590165
28.45409836065574
28.478688524590165
28.478688524590165
28.481967213114753
28.483606557377048
28.490163934426228
28.490163934426228
28.485245901639345
28.485245901639345
28.483606557377048
28.485245901639345
28.485245901639345
28.498360655737706
28.490163934426228
\
28.490163934426228
28.45409836065574
28.439344262295084
28.481967213114753
28.481967213114753
28.478688524590165
28.478688524590165
28.478688524590165
28.477049180327867
28.477049180327867
28.477049180327867
28.478688524590165
28.45409836065574
28.478688524590165
28.481967213114753
28.481967213114753
28.485245901639345
28.488524590163934
28.483606557377048
28.485245901639345
28.483606557377048
28.490163934426228
28.483606557377048
28.490163934426228
28.490163934426228
\
28.498360655737706
28.45409836065574
28.439344262295084
28.481967213114753
28.481967213114753
28.481967213114753
28.477049180327867
28.478688524590165
28.455737704918032
28.477049180327867
28.478688524590165
28.481967213114753
28.478688524590165
28.481967213114753
28.481967213114753
28.481967213114753
28.481967213114753
28.488524590163934
28.483606557377048
28.485245901639345
28.488524590163934
28.490163934426228
28.488524590163934
28.488524590163934
28.490163934426228
\
28.490163934426228
28.481967213114753
28.439344262295084
28.481967213114753
28.481967213114753
28.478688524590165
28.478688524590165
28.455737704918032
28.477049180327867
28.45409836065574
28.45409836065574
28.477049180327867
28.45409836065574
28.478688524590165
28.481967213114753
28.483606557377048
28.483606557377048
28.488524590163934
28.483606557377048
28.48688524590164
28.483606557377048
28.490163934426228
28.483606557377048
28.490163934426228
28.490163934426228
\
28.501639344262294
28.478688524590165
28.439344262295084
28.481967213114753
28.481967213114753
28.481967213114753
28.478688524590165
28.457377049180327
28.45409836065574
28.45409836065574
28.45409836065574
28.477049180327867
28.45409836065574
28.478688524590165
28.481967213114753
28.483606557377048
28.485245901639345
28.490163934426228
28.481967213114753
28.48688524590164
28.481967213114753
28.490163934426228
28.483606557377048
28.498360655737706
28.488524590163934
\
28.5
28.48032786885246
28.439344262295084
28.481967213114753
28.483606557377048
28.478688524590165
28.478688524590165
28.45409836065574
28.45409836065574
28.457377049180327
28.478688524590165
28.478688524590165
28.481967213114753
28.481967213114753
28.481967213114753
28.481967213114753
28.481967213114753
28.490163934426228
28.481967213114753
28.483606557377048
28.481967213114753
28.495081967213114
28.483606557377048
28.498360655737706
28.488524590163934
\
28.490163934426228
28.481967213114753
28.45409836065574
28.481967213114753
28.481967213114753
28.481967213114753
28.481967213114753
28.478688524590165
28.455737704918032
28.477049180327867
28.478688524590165
28.481967213114753
28.481967213114753
28.483606557377048
28.481967213114753
28.481967213114753
28.481967213114753
28.485245901639345
28.483606557377048
28.483606557377048
28.481967213114753
28.490163934426228
28.485245901639345
28.490163934426228
28.490163934426228
\
28.5
28.481967213114753
28.439344262295084
28.485245901639345
28.483606557377048
28.478688524590165
28.478688524590165
28.477049180327867
28.455737704918032
28.478688524590165
28.481967213114753
28.481967213114753
28.481967213114753
28.483606557377048
28.481967213114753
28.481967213114753
28.481967213114753
28.48688524590164
28.485245901639345
28.485245901639345
28.481967213114753
28.490163934426228
28.490163934426228
28.5
28.48688524590164
\
28.490163934426228
28.48032786885246
28.439344262295084
28.481967213114753
28.481967213114753
28.478688524590165
28.478688524590165
28.457377049180327
28.45409836065574
28.478688524590165
28.478688524590165
28.483606557377048
28.481967213114753
28.481967213114753
28.457377049180327
28.478688524590165
28.481967213114753
28.483606557377048
28.481967213114753
28.481967213114753
28.481967213114753
28.483606557377048
28.483606557377048
28.488524590163934
28.485245901639345
\
