26.529508196721313
26.534426229508195
26.521311475409835
26.521311475409835
26.522950819672133
26.529508196721313
26.529508196721313
26.534426229508195
26.534426229508195
26.534426229508195
26.529508196721313
26.534426229508195
26.5327868852459
26.534426229508195
26.534426229508195
26.529508196721313
26.529508196721313
26.534426229508195
26.529508196721313
26.5327868852459
26.529508196721313
\
26.52622950819672
26.52622950819672
26.516393442622952
26.521311475409835
26.521311475409835
26.52622950819672
26.522950819672133
26.521311475409835
26.527868852459015
26.522950819672133
26.527868852459015
26.522950819672133
26.52622950819672
26.52622950819672
26.52622950819672
26.522950819672133
26.521311475409835
26.527868852459015
26.522950819672133
26.52622950819672
26.52622950819672
\
26.52622950819672
26.522950819672133
26.521311475409835
26.521311475409835
26.516393442622952
26.522950819672133
26.524590163934427
26.516393442622952
26.52622950819672
26.521311475409835
26.514754098360655
26.516393442622952
26.521311475409835
26.527868852459015
26.52622950819672
26.521311475409835
26.52622950819672
26.5327868852459
26.529508196721313
26.52622950819672
26.527868852459015
\
26.521311475409835
26.522950819672133
26.522950819672133
26.527868852459015
26.521311475409835
26.516393442622952
26.516393442622952
26.516393442622952
26.516393442622952
26.514754098360655
26.509836065573772
26.51311475409836
26.516393442622952
26.52622950819672
26.52622950819672
26.52622950819672
26.527868852459015
26.529508196721313
26.522950819672133
26.522950819672133
26.529508196721313
\
26.509836065573772
26.503278688524592
26.509836065573772
26.51311475409836
26.509836065573772
26.516393442622952
26.521311475409835
26.521311475409835
26.509836065573772
26.509836065573772
26.516393442622952
26.509836065573772
26.509836065573772
26.51311475409836
26.516393442622952
26.51311475409836
26.509836065573772
26.514754098360655
26.509836065573772
26.509836065573772
26.509836065573772
26.51311475409836
26.51311475409836
26.516393442622952
26.529508196721313
\
26.516393442622952
26.509836065573772
26.516393442622952
26.516393442622952
26.509836065573772
26.51311475409836
26.521311475409835
26.521311475409835
26.51311475409836
26.516393442622952
26.516393442622952
26.516393442622952
26.509836065573772
26.516393442622952
26.516393442622952
26.51311475409836
26.51311475409836
26.516393442622952
26.509836065573772
26.51311475409836
26.516393442622952
26.516393442622952
26.51311475409836
26.516393442622952
26.529508196721313
\
26.51311475409836
26.509836065573772
26.521311475409835
26.516393442622952
26.509836065573772
26.51311475409836
26.51311475409836
26.51311475409836
26.509836065573772
26.514754098360655
26.516393442622952
26.516393442622952
26.516393442622952
26.516393442622952
26.516393442622952
26.51311475409836
26.51311475409836
26.521311475409835
26.51311475409836
26.509836065573772
26.51311475409836
26.516393442622952
26.509836065573772
26.51311475409836
26.522950819672133
\
26.51311475409836
26.508196721311474
26.514754098360655
26.509836065573772
26.509836065573772
26.509836065573772
26.51311475409836
26.51311475409836
26.508196721311474
26.516393442622952
26.524590163934427
26.516393442622952
26.516393442622952
26.521311475409835
26.516393442622952
26.522950819672133
26.522950819672133
26.527868852459015
26.521311475409835
26.516393442622952
26.521311475409835
26.522950819672133
26.516393442622952
26.51311475409836
26.527868852459015
\
26.509836065573772
26.503278688524592
26.509836065573772
26.514754098360655
26.509836065573772
26.508196721311474
26.51311475409836
26.51311475409836
26.508196721311474
26.509836065573772
26.521311475409835
26.52622950819672
26.522950819672133
26.52622950819672
26.52622950819672
26.52622950819672
26.521311475409835
26.521311475409835
26.521311475409835
26.516393442622952
26.522950819672133
26.521311475409835
26.516393442622952
26.51311475409836
26.52622950819672
\
26.51311475409836
26.508196721311474
26.514754098360655
26.51311475409836
26.509836065573772
26.509836065573772
26.51311475409836
26.509836065573772
26.503278688524592
26.51311475409836
26.516393442622952
26.516393442622952
26.509836065573772
26.516393442622952
26.516393442622952
26.521311475409835
26.516393442622952
26.516393442622952
26.51311475409836
26.516393442622952
26.516393442622952
26.522950819672133
26.509836065573772
26.509836065573772
26.52622950819672
\
26.51311475409836
26.516393442622952
26.516393442622952
26.516393442622952
26.516393442622952
26.51311475409836
26.521311475409835
26.516393442622952
26.504918032786886
26.51311475409836
26.522950819672133
26.516393442622952
26.509836065573772
26.509836065573772
26.516393442622952
26.516393442622952
26.516393442622952
26.521311475409835
26.521311475409835
26.521311475409835
26.527868852459015
26.527868852459015
26.516393442622952
26.516393442622952
26.534426229508195
\
26.516393442622952
26.51311475409836
26.51311475409836
26.51311475409836
26.509836065573772
26.51311475409836
26.51311475409836
26.516393442622952
26.504918032786886
26.51311475409836
26.516393442622952
26.516393442622952
26.508196721311474
26.509836065573772
26.509836065573772
26.51311475409836
26.514754098360655
26.516393442622952
26.516393442622952
26.516393442622952
26.521311475409835
26.527868852459015
26.516393442622952
26.522950819672133
26.534426229508195
\
26.518032786885247
26.508196721311474
26.509836065573772
26.51311475409836
26.509836065573772
26.51311475409836
26.521311475409835
26.516393442622952
26.509836065573772
26.521311475409835
26.521311475409835
26.516393442622952
26.51311475409836
26.51311475409836
26.51311475409836
26.516393442622952
26.521311475409835
26.52622950819672
26.52622950819672
26.52622950819672
26.52622950819672
26.52622950819672
26.52622950819672
26.527868852459015
26.536065573770493
\
26.51311475409836
26.509836065573772
26.516393442622952
26.51311475409836
26.51311475409836
26.516393442622952
26.521311475409835
26.521311475409835
26.514754098360655
26.521311475409835
26.52622950819672
26.521311475409835
26.516393442622952
26.521311475409835
26.521311475409835
26.527868852459015
26.529508196721313
26.534426229508195
26.5327868852459
26.529508196721313
26.534426229508195
26.534426229508195
26.529508196721313
26.529508196721313
26.547540983606556
\
26.524590163934427
26.516393442622952
26.521311475409835
26.521311475409835
26.527868852459015
26.529508196721313
26.534426229508195
26.534426229508195
26.522950819672133
26.527868852459015
26.529508196721313
26.527868852459015
26.529508196721313
26.529508196721313
26.529508196721313
26.534426229508195
26.544262295081968
26.547540983606556
26.534426229508195
26.534426229508195
26.536065573770493
26.536065573770493
26.529508196721313
26.5327868852459
26.544262295081968
\
26.52622950819672
26.516393442622952
26.527868852459015
26.529508196721313
26.529508196721313
26.534426229508195
26.536065573770493
26.536065573770493
26.5327868852459
26.534426229508195
26.534426229508195
26.534426229508195
26.5327868852459
26.534426229508195
26.534426229508195
26.536065573770493
26.536065573770493
26.547540983606556
26.534426229508195
26.536065573770493
26.536065573770493
26.536065573770493
26.534426229508195
26.534426229508195
26.536065573770493
\
