26.511475409836066
26.501639344262294
26.516393442622952
26.51311475409836
26.511475409836066
26.511475409836066
26.511475409836066
26.501639344262294
26.511475409836066
26.49672131147541
26.498360655737706
26.501639344262294
26.501639344262294
26.501639344262294
26.501639344262294
26.49344262295082
26.49672131147541
26.495081967213114
26.495081967213114
26.501639344262294
26.49672131147541
\
26.501639344262294
26.5
26.501639344262294
26.501639344262294
26.501639344262294
26.501639344262294
26.498360655737706
26.498360655737706
26.5
26.491803278688526
26.49344262295082
26.5
26.495081967213114
26.49344262295082
26.495081967213114
26.491803278688526
26.49344262295082
26.490163934426228
26.491803278688526
26.495081967213114
26.491803278688526
\
26.5
26.501639344262294
26.5
26.501639344262294
26.5
26.498360655737706
26.49672131147541
26.495081967213114
26.501639344262294
26.495081967213114
26.49672131147541
26.498360655737706
26.49672131147541
26.49344262295082
26.495081967213114
26.490163934426228
26.49344262295082
26.490163934426228
26.491803278688526
26.49344262295082
26.49344262295082
\
26.501639344262294
26.501639344262294
26.49672131147541
26.498360655737706
26.49672131147541
26.49672131147541
26.498360655737706
26.501639344262294
26.501639344262294
26.495081967213114
26.498360655737706
26.501639344262294
26.5
26.495081967213114
26.495081967213114
26.490163934426228
26.495081967213114
26.495081967213114
26.49344262295082
26.49672131147541
26.49344262295082
\
26.501639344262294
26.498360655737706
26.5
26.501639344262294
26.501639344262294
26.501639344262294
26.49672131147541
26.5
26.498360655737706
26.49672131147541
26.49672131147541
26.49672131147541
26.5
26.495081967213114
26.498360655737706
26.501639344262294
26.501639344262294
26.5
26.5
26.495081967213114
26.49672131147541
26.49672131147541
26.491803278688526
26.495081967213114
26.49344262295082
\
26.511475409836066
26.501639344262294
26.501639344262294
26.511475409836066
26.501639344262294
26.501639344262294
26.501639344262294
26.501639344262294
26.5
26.501639344262294
26.501639344262294
26.498360655737706
26.501639344262294
26.495081967213114
26.5
26.501639344262294
26.5
26.498360655737706
26.508196721311474
26.495081967213114
26.498360655737706
26.498360655737706
26.49672131147541
26.498360655737706
26.49672131147541
\
26.516393442622952
26.501639344262294
26.509836065573772
26.501639344262294
26.5
26.501639344262294
26.501639344262294
26.511475409836066
26.49672131147541
26.501639344262294
26.5
26.498360655737706
26.509836065573772
26.49672131147541
26.5
26.501639344262294
26.5
26.5
26.501639344262294
26.495081967213114
26.498360655737706
26.498360655737706
26.49672131147541
26.49672131147541
26.490163934426228
\
26.51311475409836
26.501639344262294
26.501639344262294
26.509836065573772
26.5
26.511475409836066
26.51311475409836
26.511475409836066
26.5
26.501639344262294
26.501639344262294
26.498360655737706
26.501639344262294
26.49672131147541
26.5
26.511475409836066
26.511475409836066
26.498360655737706
26.508196721311474
26.495081967213114
26.501639344262294
26.5
26.498360655737706
26.5
26.49344262295082
\
26.501639344262294
26.501639344262294
26.501639344262294
26.511475409836066
26.501639344262294
26.509836065573772
26.511475409836066
26.501639344262294
26.501639344262294
26.498360655737706
26.501639344262294
26.498360655737706
26.501639344262294
26.49672131147541
26.498360655737706
26.501639344262294
26.501639344262294
26.498360655737706
26.511475409836066
26.498360655737706
26.5
26.498360655737706
26.498360655737706
26.498360655737706
26.491803278688526
\
26.509836065573772
26.501639344262294
26.511475409836066
26.511475409836066
26.501639344262294
26.511475409836066
26.511475409836066
26.511475409836066
26.501639344262294
26.501639344262294
26.501639344262294
26.49672131147541
26.498360655737706
26.49672131147541
26.498360655737706
26.501639344262294
26.501639344262294
26.501639344262294
26.511475409836066
26.5
26.5
26.498360655737706
26.49672131147541
26.5
26.495081967213114
\
26.51311475409836
26.501639344262294
26.501639344262294
26.501639344262294
26.511475409836066
26.511475409836066
26.516393442622952
26.501639344262294
26.501639344262294
26.501639344262294
26.511475409836066
26.5
26.49672131147541
26.491803278688526
26.49344262295082
26.501639344262294
26.5
26.501639344262294
26.501639344262294
26.498360655737706
26.501639344262294
26.501639344262294
26.495081967213114
26.49672131147541
26.495081967213114
\
26.51311475409836
26.511475409836066
26.511475409836066
26.511475409836066
26.511475409836066
26.511475409836066
26.51311475409836
26.511475409836066
26.501639344262294
26.511475409836066
26.501639344262294
26.501639344262294
26.5
26.491803278688526
26.495081967213114
26.501639344262294
26.5
26.5
26.501639344262294
26.49672131147541
26.501639344262294
26.498360655737706
26.498360655737706
26.5
26.495081967213114
\
26.51311475409836
26.514754098360655
26.51311475409836
26.51311475409836
26.511475409836066
26.51311475409836
26.518032786885247
26.51311475409836
26.501639344262294
26.518032786885247
26.51311475409836
26.511475409836066
26.511475409836066
26.49672131147541
26.5
26.501639344262294
26.501639344262294
26.501639344262294
26.509836065573772
26.501639344262294
26.501639344262294
26.49672131147541
26.498360655737706
26.5
26.5
\
26.511475409836066
26.511475409836066
26.5
26.511475409836066
26.501639344262294
26.501639344262294
26.511475409836066
26.509836065573772
26.5
26.509836065573772
26.501639344262294
26.501639344262294
26.501639344262294
26.49672131147541
26.498360655737706
26.5
26.498360655737706
26.49672131147541
26.501639344262294
26.495081967213114
26.5
26.49344262295082
26.49672131147541
26.498360655737706
26.491803278688526
\
26.501639344262294
26.498360655737706
26.501639344262294
26.511475409836066
26.501639344262294
26.501639344262294
26.501639344262294
26.501639344262294
26.49672131147541
26.501639344262294
26.501639344262294
26.501639344262294
26.501639344262294
26.495081967213114
26.49672131147541
26.5
26.498360655737706
26.498360655737706
26.49672131147541
26.49344262295082
26.495081967213114
26.495081967213114
26.495081967213114
26.498360655737706
26.490163934426228
\
26.51311475409836
26.501639344262294
26.511475409836066
26.511475409836066
26.501639344262294
26.501639344262294
26.501639344262294
26.511475409836066
26.498360655737706
26.501639344262294
26.5
26.501639344262294
26.501639344262294
26.49672131147541
26.501639344262294
26.5
26.498360655737706
26.495081967213114
26.501639344262294
26.495081967213114
26.501639344262294
26.495081967213114
26.495081967213114
26.5
26.49344262295082
\
