26.518032786885247
26.518032786885247
26.516393442622952
26.518032786885247
26.514754098360655
26.51967213114754
26.518032786885247
26.51967213114754
26.516393442622952
26.516393442622952
26.516393442622952
26.514754098360655
26.509836065573772
26.509836065573772
26.518032786885247
26.516393442622952
26.508196721311474
26.518032786885247
26.514754098360655
26.518032786885247
26.514754098360655
\
26.518032786885247
26.514754098360655
26.514754098360655
26.514754098360655
26.509836065573772
26.516393442622952
26.516393442622952
26.516393442622952
26.514754098360655
26.514754098360655
26.509836065573772
26.509836065573772
26.50655737704918
26.504918032786886
26.508196721311474
26.508196721311474
26.504918032786886
26.509836065573772
26.514754098360655
26.514754098360655
26.514754098360655
\
26.516393442622952
26.514754098360655
26.509836065573772
26.509836065573772
26.509836065573772
26.516393442622952
26.514754098360655
26.509836065573772
26.518032786885247
26.516393442622952
26.514754098360655
26.514754098360655
26.50655737704918
26.504918032786886
26.50655737704918
26.508196721311474
26.501639344262294
26.508196721311474
26.509836065573772
26.514754098360655
26.514754098360655
\
26.516393442622952
26.514754098360655
26.509836065573772
26.514754098360655
26.514754098360655
26.51967213114754
26.516393442622952
26.518032786885247
26.522950819672133
26.51967213114754
26.514754098360655
26.516393442622952
26.508196721311474
26.514754098360655
26.514754098360655
26.508196721311474
26.50655737704918
26.514754098360655
26.516393442622952
26.518032786885247
26.516393442622952
\
26.51967213114754
26.514754098360655
26.516393442622952
26.521311475409835
26.518032786885247
26.516393442622952
26.509836065573772
26.514754098360655
26.514754098360655
26.516393442622952
26.516393442622952
26.516393442622952
26.51967213114754
26.516393442622952
26.514754098360655
26.516393442622952
26.509836065573772
26.516393442622952
26.516393442622952
26.509836065573772
26.509836065573772
26.514754098360655
26.514754098360655
26.509836065573772
26.516393442622952
\
26.518032786885247
26.514754098360655
26.51967213114754
26.52622950819672
26.521311475409835
26.51967213114754
26.514754098360655
26.516393442622952
26.516393442622952
26.518032786885247
26.521311475409835
26.514754098360655
26.516393442622952
26.516393442622952
26.516393442622952
26.514754098360655
26.514754098360655
26.514754098360655
26.516393442622952
26.514754098360655
26.509836065573772
26.518032786885247
26.514754098360655
26.508196721311474
26.516393442622952
\
26.51967213114754
26.514754098360655
26.522950819672133
26.52622950819672
26.51967213114754
26.51967213114754
26.516393442622952
26.516393442622952
26.514754098360655
26.518032786885247
26.518032786885247
26.516393442622952
26.51311475409836
26.516393442622952
26.51967213114754
26.516393442622952
26.509836065573772
26.514754098360655
26.514754098360655
26.518032786885247
26.508196721311474
26.514754098360655
26.514754098360655
26.508196721311474
26.516393442622952
\
26.51967213114754
26.516393442622952
26.51967213114754
26.52622950819672
26.51967213114754
26.51967213114754
26.518032786885247
26.516393442622952
26.516393442622952
26.518032786885247
26.521311475409835
26.51967213114754
26.522950819672133
26.516393442622952
26.516393442622952
26.516393442622952
26.514754098360655
26.514754098360655
26.51967213114754
26.51967213114754
26.516393442622952
26.514754098360655
26.518032786885247
26.514754098360655
26.51967213114754
\
26.51967213114754
26.51967213114754
26.522950819672133
26.52622950819672
26.52622950819672
26.51967213114754
26.518032786885247
26.518032786885247
26.516393442622952
26.518032786885247
26.51967213114754
26.51967213114754
26.522950819672133
26.51967213114754
26.518032786885247
26.516393442622952
26.514754098360655
26.514754098360655
26.51967213114754
26.518032786885247
26.514754098360655
26.518032786885247
26.51967213114754
26.516393442622952
26.52622950819672
\
26.51967213114754
26.516393442622952
26.51967213114754
26.522950819672133
26.522950819672133
26.51967213114754
26.516393442622952
26.516393442622952
26.514754098360655
26.518032786885247
26.516393442622952
26.514754098360655
26.509836065573772
26.509836065573772
26.514754098360655
26.509836065573772
26.508196721311474
26.509836065573772
26.516393442622952
26.516393442622952
26.509836065573772
26.518032786885247
26.516393442622952
26.516393442622952
26.51967213114754
\
26.51967213114754
26.514754098360655
26.516393442622952
26.51967213114754
26.51967213114754
26.51967213114754
26.51967213114754
26.516393442622952
26.514754098360655
26.521311475409835
26.518032786885247
26.518032786885247
26.508196721311474
26.504918032786886
26.508196721311474
26.508196721311474
26.508196721311474
26.509836065573772
26.514754098360655
26.516393442622952
26.508196721311474
26.509836065573772
26.514754098360655
26.514754098360655
26.51967213114754
\
26.51967213114754
26.509836065573772
26.518032786885247
26.51967213114754
26.522950819672133
26.516393442622952
26.518032786885247
26.516393442622952
26.514754098360655
26.522950819672133
26.522950819672133
26.516393442622952
26.514754098360655
26.50655737704918
26.50655737704918
26.508196721311474
26.50655737704918
26.509836065573772
26.514754098360655
26.516393442622952
26.508196721311474
26.516393442622952
26.516393442622952
26.516393442622952
26.51967213114754
\
26.516393442622952
26.508196721311474
26.509836065573772
26.51967213114754
26.51967213114754
26.514754098360655
26.514754098360655
26.514754098360655
26.514754098360655
26.522950819672133
26.521311475409835
26.518032786885247
26.514754098360655
26.508196721311474
26.508196721311474
26.508196721311474
26.508196721311474
26.514754098360655
26.514754098360655
26.516393442622952
26.509836065573772
26.509836065573772
26.516393442622952
26.514754098360655
26.51967213114754
\
26.514754098360655
26.508196721311474
26.509836065573772
26.51967213114754
26.518032786885247
26.518032786885247
26.516393442622952
26.518032786885247
26.516393442622952
26.51967213114754
26.521311475409835
26.522950819672133
26.521311475409835
26.514754098360655
26.509836065573772
26.509836065573772
26.509836065573772
26.509836065573772
26.514754098360655
26.514754098360655
26.508196721311474
26.509836065573772
26.516393442622952
26.518032786885247
26.522950819672133
\
26.509836065573772
26.509836065573772
26.514754098360655
26.521311475409835
26.521311475409835
26.518032786885247
26.514754098360655
26.516393442622952
26.509836065573772
26.51967213114754
26.51967213114754
26.51967213114754
26.51967213114754
26.514754098360655
26.508196721311474
26.509836065573772
26.508196721311474
26.508196721311474
26.508196721311474
26.514754098360655
26.508196721311474
26.516393442622952
26.514754098360655
26.516393442622952
26.522950819672133
\
26.509836065573772
26.509836065573772
26.514754098360655
26.518032786885247
26.518032786885247
26.514754098360655
26.514754098360655
26.514754098360655
26.509836065573772
26.518032786885247
26.51967213114754
26.51967213114754
26.518032786885247
26.509836065573772
26.508196721311474
26.508196721311474
26.50655737704918
26.50655737704918
26.508196721311474
26.508196721311474
26.50655737704918
26.508196721311474
26.514754098360655
26.516393442622952
26.51967213114754
\
