26.534426229508195
26.5327868852459
26.5327868852459
26.529508196721313
26.521311475409835
26.531147540983607
26.527868852459015
26.527868852459015
26.524590163934427
26.514754098360655
26.527868852459015
26.516393442622952
26.51311475409836
26.516393442622952
26.516393442622952
26.52622950819672
26.521311475409835
26.531147540983607
26.527868852459015
26.534426229508195
26.536065573770493
\
26.52622950819672
26.527868852459015
26.527868852459015
26.51967213114754
26.52622950819672
26.5327868852459
26.518032786885247
26.521311475409835
26.521311475409835
26.514754098360655
26.521311475409835
26.516393442622952
26.508196721311474
26.509836065573772
26.516393442622952
26.51311475409836
26.509836065573772
26.521311475409835
26.509836065573772
26.52622950819672
26.521311475409835
\
26.52622950819672
26.524590163934427
26.52622950819672
26.521311475409835
26.524590163934427
26.534426229508195
26.524590163934427
26.52622950819672
26.521311475409835
26.521311475409835
26.529508196721313
26.52622950819672
26.516393442622952
26.518032786885247
26.514754098360655
26.518032786885247
26.509836065573772
26.52622950819672
26.51311475409836
26.52622950819672
26.521311475409835
\
26.529508196721313
26.52622950819672
26.52622950819672
26.521311475409835
26.524590163934427
26.529508196721313
26.52622950819672
26.52622950819672
26.5327868852459
26.524590163934427
26.52622950819672
26.52622950819672
26.516393442622952
26.524590163934427
26.527868852459015
26.518032786885247
26.509836065573772
26.521311475409835
26.509836065573772
26.52622950819672
26.52622950819672
\
26.518032786885247
26.521311475409835
26.518032786885247
26.524590163934427
26.524590163934427
26.527868852459015
26.518032786885247
26.524590163934427
26.52622950819672
26.531147540983607
26.524590163934427
26.52622950819672
26.527868852459015
26.524590163934427
26.529508196721313
26.524590163934427
26.518032786885247
26.527868852459015
26.521311475409835
26.518032786885247
26.521311475409835
26.521311475409835
26.509836065573772
26.52622950819672
26.521311475409835
\
26.527868852459015
26.51967213114754
26.52622950819672
26.529508196721313
26.529508196721313
26.531147540983607
26.534426229508195
26.524590163934427
26.524590163934427
26.534426229508195
26.527868852459015
26.521311475409835
26.521311475409835
26.52622950819672
26.527868852459015
26.524590163934427
26.521311475409835
26.52622950819672
26.524590163934427
26.521311475409835
26.52622950819672
26.518032786885247
26.509836065573772
26.518032786885247
26.521311475409835
\
26.5327868852459
26.521311475409835
26.52622950819672
26.524590163934427
26.529508196721313
26.529508196721313
26.524590163934427
26.527868852459015
26.521311475409835
26.529508196721313
26.527868852459015
26.527868852459015
26.521311475409835
26.518032786885247
26.527868852459015
26.518032786885247
26.518032786885247
26.52622950819672
26.527868852459015
26.527868852459015
26.514754098360655
26.518032786885247
26.516393442622952
26.518032786885247
26.521311475409835
\
26.5327868852459
26.516393442622952
26.521311475409835
26.52622950819672
26.527868852459015
26.52622950819672
26.524590163934427
26.521311475409835
26.524590163934427
26.527868852459015
26.534426229508195
26.524590163934427
26.524590163934427
26.516393442622952
26.52622950819672
26.527868852459015
26.52622950819672
26.527868852459015
26.527868852459015
26.52622950819672
26.521311475409835
26.516393442622952
26.509836065573772
26.52622950819672
26.521311475409835
\
26.527868852459015
26.52622950819672
26.521311475409835
26.51967213114754
26.531147540983607
26.521311475409835
26.52622950819672
26.521311475409835
26.524590163934427
26.529508196721313
26.52622950819672
26.521311475409835
26.527868852459015
26.521311475409835
26.52622950819672
26.518032786885247
26.514754098360655
26.521311475409835
26.521311475409835
26.516393442622952
26.521311475409835
26.516393442622952
26.514754098360655
26.521311475409835
26.52622950819672
\
26.529508196721313
26.52622950819672
26.521311475409835
26.52622950819672
26.5327868852459
26.534426229508195
26.527868852459015
26.51967213114754
26.521311475409835
26.52622950819672
26.524590163934427
26.509836065573772
26.508196721311474
26.514754098360655
26.518032786885247
26.518032786885247
26.521311475409835
26.521311475409835
26.521311475409835
26.521311475409835
26.518032786885247
26.51311475409836
26.508196721311474
26.521311475409835
26.52622950819672
\
26.527868852459015
26.521311475409835
26.518032786885247
26.521311475409835
26.534426229508195
26.5327868852459
26.527868852459015
26.529508196721313
26.52622950819672
26.5327868852459
26.52622950819672
26.516393442622952
26.508196721311474
26.508196721311474
26.518032786885247
26.516393442622952
26.514754098360655
26.521311475409835
26.527868852459015
26.51967213114754
26.521311475409835
26.516393442622952
26.516393442622952
26.521311475409835
26.527868852459015
\
26.52622950819672
26.521311475409835
26.527868852459015
26.521311475409835
26.534426229508195
26.534426229508195
26.53934426229508
26.534426229508195
26.527868852459015
26.53934426229508
26.536065573770493
26.527868852459015
26.516393442622952
26.509836065573772
26.52622950819672
26.521311475409835
26.521311475409835
26.52622950819672
26.527868852459015
26.52622950819672
26.527868852459015
26.521311475409835
26.52622950819672
26.531147540983607
26.534426229508195
\
26.527868852459015
26.51311475409836
26.516393442622952
26.524590163934427
26.534426229508195
26.534426229508195
26.534426229508195
26.527868852459015
26.524590163934427
26.53934426229508
26.534426229508195
26.5327868852459
26.518032786885247
26.516393442622952
26.527868852459015
26.518032786885247
26.52622950819672
26.527868852459015
26.527868852459015
26.527868852459015
26.52622950819672
26.521311475409835
26.514754098360655
26.529508196721313
26.534426229508195
\
26.518032786885247
26.514754098360655
26.514754098360655
26.518032786885247
26.5327868852459
26.534426229508195
26.534426229508195
26.527868852459015
26.52622950819672
26.536065573770493
26.51967213114754
26.534426229508195
26.52622950819672
26.518032786885247
26.527868852459015
26.521311475409835
26.52622950819672
26.521311475409835
26.527868852459015
26.527868852459015
26.527868852459015
26.52622950819672
26.518032786885247
26.534426229508195
26.5327868852459
\
26.516393442622952
26.514754098360655
26.521311475409835
26.52622950819672
26.529508196721313
26.5327868852459
26.527868852459015
26.51967213114754
26.518032786885247
26.534426229508195
26.521311475409835
26.527868852459015
26.527868852459015
26.516393442622952
26.521311475409835
26.509836065573772
26.514754098360655
26.514754098360655
26.527868852459015
26.521311475409835
26.521311475409835
26.508196721311474
26.509836065573772
26.529508196721313
26.521311475409835
\
26.52622950819672
26.521311475409835
26.531147540983607
26.534426229508195
26.542622950819673
26.537704918032787
26.534426229508195
26.536065573770493
26.534426229508195
26.542622950819673
26.534426229508195
26.534426229508195
26.5327868852459
26.527868852459015
26.534426229508195
26.52622950819672
26.531147540983607
26.529508196721313
26.53934426229508
26.534426229508195
26.534426229508195
26.52622950819672
26.52622950819672
26.53934426229508
26.534426229508195
\
