28.478688524590165
28.48032786885246
28.481967213114753
28.481967213114753
28.491803278688526
28.488524590163934
28.48032786885246
28.478688524590165
28.48032786885246
28.48032786885246
28.481967213114753
28.478688524590165
28.481967213114753
28.481967213114753
28.478688524590165
28.481967213114753
28.490163934426228
28.491803278688526
28.490163934426228
28.495081967213114
28.488524590163934
\
28.478688524590165
28.477049180327867
28.478688524590165
28.478688524590165
28.481967213114753
28.481967213114753
28.478688524590165
28.478688524590165
28.478688524590165
28.478688524590165
28.481967213114753
28.478688524590165
28.478688524590165
28.481967213114753
28.481967213114753
28.481967213114753
28.488524590163934
28.488524590163934
28.481967213114753
28.481967213114753
28.481967213114753
\
28.478688524590165
28.478688524590165
28.477049180327867
28.478688524590165
28.481967213114753
28.478688524590165
28.478688524590165
28.478688524590165
28.481967213114753
28.478688524590165
28.478688524590165
28.48032786885246
28.481967213114753
28.488524590163934
28.481967213114753
28.481967213114753
28.488524590163934
28.488524590163934
28.481967213114753
28.490163934426228
28.481967213114753
\
28.48032786885246
28.478688524590165
28.478688524590165
28.478688524590165
28.481967213114753
28.481967213114753
28.48032786885246
28.477049180327867
28.478688524590165
28.478688524590165
28.488524590163934
28.481967213114753
28.488524590163934
28.491803278688526
28.481967213114753
28.481967213114753
28.481967213114753
28.488524590163934
28.481967213114753
28.491803278688526
28.488524590163934
\
28.49344262295082
28.495081967213114
28.488524590163934
28.491803278688526
28.478688524590165
28.478688524590165
28.478688524590165
28.478688524590165
28.478688524590165
28.478688524590165
28.478688524590165
28.477049180327867
28.478688524590165
28.478688524590165
28.490163934426228
28.481967213114753
28.481967213114753
28.481967213114753
28.481967213114753
28.481967213114753
28.481967213114753
28.481967213114753
28.481967213114753
28.490163934426228
28.481967213114753
\
28.495081967213114
28.491803278688526
28.481967213114753
28.49344262295082
28.48032786885246
28.478688524590165
28.478688524590165
28.478688524590165
28.481967213114753
28.478688524590165
28.478688524590165
28.478688524590165
28.478688524590165
28.48032786885246
28.488524590163934
28.481967213114753
28.488524590163934
28.481967213114753
28.488524590163934
28.481967213114753
28.490163934426228
28.481967213114753
28.488524590163934
28.491803278688526
28.490163934426228
\
28.495081967213114
28.490163934426228
28.481967213114753
28.490163934426228
28.478688524590165
28.478688524590165
28.478688524590165
28.478688524590165
28.48032786885246
28.478688524590165
28.445901639344264
28.445901639344264
28.478688524590165
28.478688524590165
28.481967213114753
28.48032786885246
28.481967213114753
28.481967213114753
28.481967213114753
28.48032786885246
28.481967213114753
28.48032786885246
28.478688524590165
28.481967213114753
28.481967213114753
\
28.495081967213114
28.495081967213114
28.481967213114753
28.488524590163934
28.478688524590165
28.478688524590165
28.478688524590165
28.478688524590165
28.478688524590165
28.477049180327867
28.478688524590165
28.445901639344264
28.478688524590165
28.478688524590165
28.481967213114753
28.481967213114753
28.481967213114753
28.481967213114753
28.48032786885246
28.478688524590165
28.48032786885246
28.478688524590165
28.48032786885246
28.488524590163934
28.481967213114753
\
28.49344262295082
28.490163934426228
28.488524590163934
28.481967213114753
28.477049180327867
28.477049180327867
28.478688524590165
28.477049180327867
28.478688524590165
28.477049180327867
28.478688524590165
28.445901639344264
28.478688524590165
28.478688524590165
28.481967213114753
28.481967213114753
28.481967213114753
28.481967213114753
28.481967213114753
28.481967213114753
28.481967213114753
28.478688524590165
28.48032786885246
28.481967213114753
28.481967213114753
\
28.491803278688526
28.490163934426228
28.481967213114753
28.481967213114753
28.477049180327867
28.478688524590165
28.477049180327867
28.477049180327867
28.478688524590165
28.477049180327867
28.477049180327867
28.477049180327867
28.478688524590165
28.478688524590165
28.481967213114753
28.481967213114753
28.48032786885246
28.48032786885246
28.48032786885246
28.488524590163934
28.481967213114753
28.48032786885246
28.48032786885246
28.481967213114753
28.488524590163934
\
28.490163934426228
28.491803278688526
28.48032786885246
28.48032786885246
28.478688524590165
28.477049180327867
28.477049180327867
28.445901639344264
28.478688524590165
28.478688524590165
28.478688524590165
28.445901639344264
28.478688524590165
28.478688524590165
28.488524590163934
28.481967213114753
28.481967213114753
28.481967213114753
28.478688524590165
28.481967213114753
28.481967213114753
28.478688524590165
28.48032786885246
28.481967213114753
28.481967213114753
\
28.481967213114753
28.481967213114753
28.478688524590165
28.477049180327867
28.477049180327867
28.477049180327867
28.445901639344264
28.445901639344264
28.477049180327867
28.477049180327867
28.477049180327867
28.445901639344264
28.478688524590165
28.48032786885246
28.481967213114753
28.478688524590165
28.478688524590165
28.481967213114753
28.478688524590165
28.481967213114753
28.481967213114753
28.478688524590165
28.48032786885246
28.481967213114753
28.478688524590165
\
28.481967213114753
28.48032786885246
28.478688524590165
28.477049180327867
28.477049180327867
28.477049180327867
28.477049180327867
28.477049180327867
28.478688524590165
28.478688524590165
28.478688524590165
28.478688524590165
28.478688524590165
28.481967213114753
28.481967213114753
28.481967213114753
28.481967213114753
28.48032786885246
28.478688524590165
28.48032786885246
28.488524590163934
28.481967213114753
28.481967213114753
28.481967213114753
28.481967213114753
\
28.478688524590165
28.478688524590165
28.477049180327867
28.445901639344264
28.477049180327867
28.477049180327867
28.478688524590165
28.477049180327867
28.478688524590165
28.478688524590165
28.478688524590165
28.478688524590165
28.48032786885246
28.481967213114753
28.481967213114753
28.481967213114753
28.478688524590165
28.478688524590165
28.478688524590165
28.48032786885246
28.481967213114753
28.481967213114753
28.481967213114753
28.488524590163934
28.48032786885246
\
28.48032786885246
28.477049180327867
28.444262295081966
28.445901639344264
28.445901639344264
28.477049180327867
28.477049180327867
28.477049180327867
28.477049180327867
28.478688524590165
28.478688524590165
28.478688524590165
28.48032786885246
28.481967213114753
28.481967213114753
28.48032786885246
28.478688524590165
28.48032786885246
28.48032786885246
28.481967213114753
28.481967213114753
28.481967213114753
28.478688524590165
28.488524590163934
28.48032786885246
\
28.478688524590165
28.477049180327867
28.442622950819672
28.444262295081966
28.445901639344264
28.445901639344264
28.445901639344264
28.445901639344264
28.477049180327867
28.478688524590165
28.478688524590165
28.478688524590165
28.481967213114753
28.478688524590165
28.478688524590165
28.478688524590165
28.477049180327867
28.478688524590165
28.477049180327867
28.477049180327867
28.478688524590165
28.477049180327867
28.478688524590165
28.481967213114753
28.478688524590165
\
