27.491803278688526
27.495081967213114
27.491803278688526
27.48688524590164
27.478688524590165
27.481967213114753
27.478688524590165
27.478688524590165
27.483606557377048
27.478688524590165
27.478688524590165
27.48688524590164
27.485245901639345
27.478688524590165
27.478688524590165
27.483606557377048
27.48688524590164
27.485245901639345
27.483606557377048
27.483606557377048
27.48688524590164
\
27.48688524590164
27.48688524590164
27.483606557377048
27.483606557377048
27.478688524590165
27.478688524590165
27.475409836065573
27.475409836065573
27.477049180327867
27.478688524590165
27.478688524590165
27.483606557377048
27.481967213114753
27.478688524590165
27.478688524590165
27.481967213114753
27.478688524590165
27.478688524590165
27.478688524590165
27.478688524590165
27.478688524590165
\
27.485245901639345
27.48688524590164
27.478688524590165
27.485245901639345
27.48688524590164
27.485245901639345
27.483606557377048
27.478688524590165
27.483606557377048
27.48688524590164
27.478688524590165
27.48688524590164
27.490163934426228
27.478688524590165
27.481967213114753
27.481967213114753
27.478688524590165
27.478688524590165
27.478688524590165
27.483606557377048
27.478688524590165
\
27.490163934426228
27.490163934426228
27.478688524590165
27.48688524590164
27.48688524590164
27.488524590163934
27.48688524590164
27.490163934426228
27.490163934426228
27.491803278688526
27.48688524590164
27.490163934426228
27.49344262295082
27.48688524590164
27.488524590163934
27.483606557377048
27.491803278688526
27.483606557377048
27.481967213114753
27.481967213114753
27.48688524590164
\
27.481967213114753
27.475409836065573
27.491803278688526
27.495081967213114
27.48688524590164
27.48688524590164
27.478688524590165
27.488524590163934
27.483606557377048
27.48688524590164
27.483606557377048
27.485245901639345
27.481967213114753
27.491803278688526
27.483606557377048
27.488524590163934
27.491803278688526
27.483606557377048
27.483606557377048
27.483606557377048
27.488524590163934
27.48688524590164
27.478688524590165
27.478688524590165
27.478688524590165
\
27.483606557377048
27.450819672131146
27.495081967213114
27.491803278688526
27.48688524590164
27.488524590163934
27.478688524590165
27.48688524590164
27.483606557377048
27.48688524590164
27.485245901639345
27.483606557377048
27.48688524590164
27.49344262295082
27.491803278688526
27.49344262295082
27.491803278688526
27.485245901639345
27.48688524590164
27.48688524590164
27.491803278688526
27.491803278688526
27.48688524590164
27.483606557377048
27.48688524590164
\
27.48688524590164
27.475409836065573
27.495081967213114
27.49344262295082
27.490163934426228
27.491803278688526
27.483606557377048
27.48688524590164
27.485245901639345
27.48688524590164
27.483606557377048
27.481967213114753
27.485245901639345
27.49344262295082
27.49344262295082
27.495081967213114
27.491803278688526
27.485245901639345
27.48688524590164
27.491803278688526
27.491803278688526
27.491803278688526
27.491803278688526
27.490163934426228
27.488524590163934
\
27.491803278688526
27.475409836065573
27.498360655737706
27.495081967213114
27.485245901639345
27.48688524590164
27.485245901639345
27.481967213114753
27.48688524590164
27.483606557377048
27.481967213114753
27.478688524590165
27.48688524590164
27.490163934426228
27.490163934426228
27.495081967213114
27.491803278688526
27.490163934426228
27.490163934426228
27.491803278688526
27.491803278688526
27.491803278688526
27.49344262295082
27.491803278688526
27.490163934426228
\
27.491803278688526
27.475409836065573
27.5
27.495081967213114
27.485245901639345
27.490163934426228
27.48688524590164
27.481967213114753
27.48688524590164
27.483606557377048
27.481967213114753
27.478688524590165
27.48688524590164
27.49344262295082
27.490163934426228
27.490163934426228
27.495081967213114
27.491803278688526
27.490163934426228
27.491803278688526
27.495081967213114
27.491803278688526
27.491803278688526
27.490163934426228
27.490163934426228
\
27.490163934426228
27.475409836065573
27.49672131147541
27.49344262295082
27.48688524590164
27.485245901639345
27.483606557377048
27.48688524590164
27.483606557377048
27.478688524590165
27.478688524590165
27.477049180327867
27.478688524590165
27.491803278688526
27.491803278688526
27.491803278688526
27.491803278688526
27.48688524590164
27.48688524590164
27.491803278688526
27.491803278688526
27.491803278688526
27.488524590163934
27.491803278688526
27.48688524590164
\
27.490163934426228
27.475409836065573
27.495081967213114
27.491803278688526
27.48688524590164
27.48688524590164
27.481967213114753
27.478688524590165
27.478688524590165
27.478688524590165
27.478688524590165
27.477049180327867
27.478688524590165
27.490163934426228
27.491803278688526
27.491803278688526
27.495081967213114
27.48688524590164
27.48688524590164
27.491803278688526
27.491803278688526
27.491803278688526
27.490163934426228
27.490163934426228
27.48688524590164
\
27.49672131147541
27.477049180327867
27.5
27.488524590163934
27.48688524590164
27.490163934426228
27.48688524590164
27.488524590163934
27.48688524590164
27.485245901639345
27.483606557377048
27.478688524590165
27.478688524590165
27.491803278688526
27.490163934426228
27.491803278688526
27.491803278688526
27.491803278688526
27.490163934426228
27.490163934426228
27.495081967213114
27.490163934426228
27.491803278688526
27.490163934426228
27.48688524590164
\
27.498360655737706
27.477049180327867
27.495081967213114
27.48688524590164
27.48688524590164
27.490163934426228
27.478688524590165
27.483606557377048
27.48688524590164
27.48688524590164
27.48688524590164
27.48688524590164
27.48688524590164
27.495081967213114
27.490163934426228
27.491803278688526
27.49344262295082
27.491803278688526
27.48688524590164
27.490163934426228
27.491803278688526
27.491803278688526
27.491803278688526
27.491803278688526
27.48688524590164
\
27.501639344262294
27.478688524590165
27.498360655737706
27.498360655737706
27.478688524590165
27.48688524590164
27.483606557377048
27.48688524590164
27.48688524590164
27.48688524590164
27.490163934426228
27.490163934426228
27.490163934426228
27.49672131147541
27.491803278688526
27.491803278688526
27.495081967213114
27.490163934426228
27.488524590163934
27.48688524590164
27.49344262295082
27.495081967213114
27.491803278688526
27.491803278688526
27.495081967213114
\
27.501639344262294
27.478688524590165
27.501639344262294
27.498360655737706
27.491803278688526
27.491803278688526
27.485245901639345
27.490163934426228
27.490163934426228
27.490163934426228
27.495081967213114
27.495081967213114
27.49344262295082
27.498360655737706
27.495081967213114
27.498360655737706
27.495081967213114
27.495081967213114
27.491803278688526
27.49344262295082
27.495081967213114
27.495081967213114
27.49344262295082
27.495081967213114
27.490163934426228
\
27.491803278688526
27.481967213114753
27.5
27.495081967213114
27.488524590163934
27.491803278688526
27.48688524590164
27.48688524590164
27.488524590163934
27.48688524590164
27.495081967213114
27.495081967213114
27.49344262295082
27.495081967213114
27.490163934426228
27.491803278688526
27.49344262295082
27.488524590163934
27.488524590163934
27.490163934426228
27.491803278688526
27.488524590163934
27.490163934426228
27.490163934426228
27.488524590163934
\
