26.524590163934427
26.531147540983607
26.527868852459015
26.524590163934427
26.524590163934427
26.52622950819672
26.52622950819672
26.527868852459015
26.524590163934427
26.527868852459015
26.51967213114754
26.524590163934427
26.531147540983607
26.52622950819672
26.527868852459015
26.51967213114754
26.527868852459015
26.527868852459015
26.524590163934427
26.527868852459015
26.521311475409835
\
26.516393442622952
26.524590163934427
26.524590163934427
26.516393442622952
26.521311475409835
26.516393442622952
26.516393442622952
26.516393442622952
26.511475409836066
26.51967213114754
26.51311475409836
26.516393442622952
26.524590163934427
26.521311475409835
26.524590163934427
26.51967213114754
26.524590163934427
26.52622950819672
26.51311475409836
26.516393442622952
26.509836065573772
\
26.516393442622952
26.51967213114754
26.521311475409835
26.524590163934427
26.516393442622952
26.516393442622952
26.516393442622952
26.516393442622952
26.508196721311474
26.51311475409836
26.51311475409836
26.511475409836066
26.524590163934427
26.51967213114754
26.527868852459015
26.511475409836066
26.524590163934427
26.521311475409835
26.516393442622952
26.527868852459015
26.527868852459015
\
26.51311475409836
26.51967213114754
26.524590163934427
26.521311475409835
26.516393442622952
26.511475409836066
26.511475409836066
26.509836065573772
26.50655737704918
26.511475409836066
26.509836065573772
26.508196721311474
26.51967213114754
26.51311475409836
26.516393442622952
26.508196721311474
26.511475409836066
26.51311475409836
26.509836065573772
26.51967213114754
26.524590163934427
\
26.508196721311474
26.504918032786886
26.509836065573772
26.51311475409836
26.508196721311474
26.516393442622952
26.52622950819672
26.51311475409836
26.509836065573772
26.511475409836066
26.511475409836066
26.508196721311474
26.501639344262294
26.509836065573772
26.511475409836066
26.508196721311474
26.509836065573772
26.504918032786886
26.508196721311474
26.501639344262294
26.50655737704918
26.504918032786886
26.501639344262294
26.51311475409836
26.516393442622952
\
26.508196721311474
26.504918032786886
26.511475409836066
26.511475409836066
26.504918032786886
26.50655737704918
26.516393442622952
26.509836065573772
26.508196721311474
26.508196721311474
26.509836065573772
26.508196721311474
26.501639344262294
26.508196721311474
26.511475409836066
26.504918032786886
26.508196721311474
26.50655737704918
26.50655737704918
26.498360655737706
26.503278688524592
26.501639344262294
26.501639344262294
26.50655737704918
26.511475409836066
\
26.511475409836066
26.504918032786886
26.51967213114754
26.516393442622952
26.504918032786886
26.508196721311474
26.511475409836066
26.508196721311474
26.509836065573772
26.51311475409836
26.51311475409836
26.516393442622952
26.50655737704918
26.516393442622952
26.51311475409836
26.511475409836066
26.516393442622952
26.509836065573772
26.508196721311474
26.501639344262294
26.508196721311474
26.508196721311474
26.504918032786886
26.509836065573772
26.509836065573772
\
26.508196721311474
26.501639344262294
26.511475409836066
26.511475409836066
26.504918032786886
26.504918032786886
26.511475409836066
26.504918032786886
26.508196721311474
26.508196721311474
26.516393442622952
26.516393442622952
26.516393442622952
26.524590163934427
26.51967213114754
26.516393442622952
26.521311475409835
26.511475409836066
26.516393442622952
26.504918032786886
26.509836065573772
26.508196721311474
26.50655737704918
26.509836065573772
26.509836065573772
\
26.508196721311474
26.501639344262294
26.511475409836066
26.508196721311474
26.504918032786886
26.503278688524592
26.511475409836066
26.504918032786886
26.50655737704918
26.509836065573772
26.51311475409836
26.51311475409836
26.511475409836066
26.524590163934427
26.51967213114754
26.51967213114754
26.511475409836066
26.511475409836066
26.516393442622952
26.504918032786886
26.508196721311474
26.511475409836066
26.501639344262294
26.51311475409836
26.508196721311474
\
26.511475409836066
26.504918032786886
26.51311475409836
26.509836065573772
26.504918032786886
26.508196721311474
26.511475409836066
26.50655737704918
26.508196721311474
26.516393442622952
26.51967213114754
26.511475409836066
26.504918032786886
26.516393442622952
26.516393442622952
26.51311475409836
26.511475409836066
26.511475409836066
26.51311475409836
26.508196721311474
26.509836065573772
26.516393442622952
26.504918032786886
26.511475409836066
26.51311475409836
\
26.508196721311474
26.504918032786886
26.511475409836066
26.508196721311474
26.504918032786886
26.508196721311474
26.511475409836066
26.50655737704918
26.501639344262294
26.509836065573772
26.509836065573772
26.511475409836066
26.498360655737706
26.501639344262294
26.508196721311474
26.508196721311474
26.509836065573772
26.508196721311474
26.511475409836066
26.501639344262294
26.508196721311474
26.508196721311474
26.498360655737706
26.508196721311474
26.511475409836066
\
26.508196721311474
26.508196721311474
26.516393442622952
26.509836065573772
26.504918032786886
26.508196721311474
26.516393442622952
26.504918032786886
26.504918032786886
26.511475409836066
26.51311475409836
26.511475409836066
26.498360655737706
26.504918032786886
26.509836065573772
26.508196721311474
26.511475409836066
26.508196721311474
26.509836065573772
26.504918032786886
26.508196721311474
26.509836065573772
26.504918032786886
26.516393442622952
26.51967213114754
\
26.50655737704918
26.498360655737706
26.511475409836066
26.508196721311474
26.504918032786886
26.508196721311474
26.516393442622952
26.501639344262294
26.50655737704918
26.509836065573772
26.516393442622952
26.509836065573772
26.501639344262294
26.504918032786886
26.509836065573772
26.508196721311474
26.509836065573772
26.50655737704918
26.516393442622952
26.504918032786886
26.508196721311474
26.509836065573772
26.504918032786886
26.51311475409836
26.511475409836066
\
26.508196721311474
26.498360655737706
26.509836065573772
26.508196721311474
26.498360655737706
26.504918032786886
26.516393442622952
26.503278688524592
26.501639344262294
26.509836065573772
26.511475409836066
26.509836065573772
26.501639344262294
26.508196721311474
26.508196721311474
26.509836065573772
26.51311475409836
26.508196721311474
26.51311475409836
26.508196721311474
26.51311475409836
26.516393442622952
26.50655737704918
26.516393442622952
26.516393442622952
\
26.50655737704918
26.504918032786886
26.51311475409836
26.511475409836066
26.509836065573772
26.516393442622952
26.524590163934427
26.511475409836066
26.508196721311474
26.511475409836066
26.516393442622952
26.511475409836066
26.504918032786886
26.511475409836066
26.516393442622952
26.516393442622952
26.527868852459015
26.516393442622952
26.51967213114754
26.509836065573772
26.51967213114754
26.51967213114754
26.511475409836066
26.52622950819672
26.516393442622952
\
26.50655737704918
26.501639344262294
26.509836065573772
26.51967213114754
26.508196721311474
26.521311475409835
26.524590163934427
26.516393442622952
26.511475409836066
26.511475409836066
26.516393442622952
26.51311475409836
26.508196721311474
26.516393442622952
26.516393442622952
26.51967213114754
26.524590163934427
26.51967213114754
26.51967213114754
26.509836065573772
26.521311475409835
26.51967213114754
26.509836065573772
26.51967213114754
26.516393442622952
\
