26.565573770491802
26.560655737704916
26.57049180327869
26.562295081967214
26.562295081967214
26.567213114754097
26.567213114754097
26.567213114754097
26.560655737704916
26.56393442622951
26.56393442622951
26.560655737704916
26.562295081967214
26.560655737704916
26.562295081967214
26.555737704918034
26.562295081967214
26.555737704918034
26.557377049180328
26.562295081967214
26.560655737704916
\
26.555737704918034
26.554098360655736
26.555737704918034
26.552459016393442
26.552459016393442
26.557377049180328
26.552459016393442
26.552459016393442
26.552459016393442
26.549180327868854
26.54590163934426
26.547540983606556
26.54590163934426
26.542622950819673
26.549180327868854
26.54590163934426
26.54590163934426
26.54590163934426
26.542622950819673
26.547540983606556
26.54590163934426
\
26.560655737704916
26.555737704918034
26.560655737704916
26.554098360655736
26.552459016393442
26.56393442622951
26.555737704918034
26.552459016393442
26.552459016393442
26.552459016393442
26.54590163934426
26.54590163934426
26.54590163934426
26.53934426229508
26.547540983606556
26.542622950819673
26.54590163934426
26.53934426229508
26.542622950819673
26.54590163934426
26.54590163934426
\
26.557377049180328
26.550819672131148
26.555737704918034
26.552459016393442
26.547540983606556
26.555737704918034
26.549180327868854
26.542622950819673
26.542622950819673
26.540983606557376
26.537704918032787
26.53934426229508
26.537704918032787
26.537704918032787
26.54590163934426
26.534426229508195
26.536065573770493
26.534426229508195
26.53934426229508
26.542622950819673
26.53934426229508
\
26.547540983606556
26.53934426229508
26.542622950819673
26.54590163934426
26.555737704918034
26.552459016393442
26.552459016393442
26.552459016393442
26.547540983606556
26.554098360655736
26.547540983606556
26.54590163934426
26.534426229508195
26.534426229508195
26.534426229508195
26.537704918032787
26.53934426229508
26.5327868852459
26.537704918032787
26.534426229508195
26.534426229508195
26.534426229508195
26.53934426229508
26.540983606557376
26.53934426229508
\
26.552459016393442
26.542622950819673
26.54590163934426
26.549180327868854
26.552459016393442
26.547540983606556
26.552459016393442
26.54590163934426
26.54590163934426
26.552459016393442
26.549180327868854
26.53934426229508
26.536065573770493
26.534426229508195
26.534426229508195
26.534426229508195
26.537704918032787
26.529508196721313
26.534426229508195
26.529508196721313
26.534426229508195
26.537704918032787
26.53934426229508
26.542622950819673
26.53934426229508
\
26.552459016393442
26.54590163934426
26.54590163934426
26.547540983606556
26.549180327868854
26.54590163934426
26.547540983606556
26.54590163934426
26.54590163934426
26.552459016393442
26.547540983606556
26.542622950819673
26.53934426229508
26.534426229508195
26.534426229508195
26.534426229508195
26.537704918032787
26.529508196721313
26.534426229508195
26.527868852459015
26.536065573770493
26.536065573770493
26.537704918032787
26.53934426229508
26.534426229508195
\
26.549180327868854
26.54590163934426
26.540983606557376
26.547540983606556
26.552459016393442
26.54590163934426
26.552459016393442
26.540983606557376
26.542622950819673
26.542622950819673
26.54590163934426
26.540983606557376
26.54590163934426
26.53934426229508
26.534426229508195
26.537704918032787
26.53934426229508
26.534426229508195
26.534426229508195
26.5327868852459
26.534426229508195
26.534426229508195
26.534426229508195
26.53934426229508
26.531147540983607
\
26.54590163934426
26.54590163934426
26.53934426229508
26.54590163934426
26.549180327868854
26.540983606557376
26.54590163934426
26.53934426229508
26.53934426229508
26.53934426229508
26.54590163934426
26.534426229508195
26.537704918032787
26.537704918032787
26.534426229508195
26.534426229508195
26.534426229508195
26.534426229508195
26.534426229508195
26.529508196721313
26.534426229508195
26.5327868852459
26.534426229508195
26.534426229508195
26.529508196721313
\
26.547540983606556
26.540983606557376
26.540983606557376
26.547540983606556
26.547540983606556
26.53934426229508
26.542622950819673
26.537704918032787
26.542622950819673
26.542622950819673
26.542622950819673
26.534426229508195
26.534426229508195
26.531147540983607
26.527868852459015
26.534426229508195
26.529508196721313
26.5327868852459
26.534426229508195
26.534426229508195
26.534426229508195
26.534426229508195
26.534426229508195
26.537704918032787
26.536065573770493
\
26.54590163934426
26.540983606557376
26.54590163934426
26.54590163934426
26.547540983606556
26.547540983606556
26.549180327868854
26.542622950819673
26.547540983606556
26.547540983606556
26.547540983606556
26.53934426229508
26.5327868852459
26.5327868852459
26.529508196721313
26.534426229508195
26.534426229508195
26.531147540983607
26.534426229508195
26.531147540983607
26.534426229508195
26.534426229508195
26.537704918032787
26.534426229508195
26.536065573770493
\
26.555737704918034
26.547540983606556
26.549180327868854
26.554098360655736
26.552459016393442
26.552459016393442
26.552459016393442
26.552459016393442
26.547540983606556
26.552459016393442
26.552459016393442
26.54590163934426
26.534426229508195
26.534426229508195
26.534426229508195
26.537704918032787
26.537704918032787
26.534426229508195
26.536065573770493
26.534426229508195
26.536065573770493
26.534426229508195
26.537704918032787
26.53934426229508
26.534426229508195
\
26.552459016393442
26.552459016393442
26.555737704918034
26.555737704918034
26.554098360655736
26.549180327868854
26.554098360655736
26.552459016393442
26.549180327868854
26.552459016393442
26.552459016393442
26.54590163934426
26.537704918032787
26.534426229508195
26.534426229508195
26.536065573770493
26.534426229508195
26.534426229508195
26.537704918032787
26.534426229508195
26.534426229508195
26.5327868852459
26.534426229508195
26.534426229508195
26.534426229508195
\
26.555737704918034
26.552459016393442
26.552459016393442
26.557377049180328
26.560655737704916
26.552459016393442
26.560655737704916
26.552459016393442
26.554098360655736
26.560655737704916
26.555737704918034
26.549180327868854
26.54590163934426
26.540983606557376
26.540983606557376
26.542622950819673
26.54590163934426
26.53934426229508
26.54590163934426
26.537704918032787
26.540983606557376
26.540983606557376
26.53934426229508
26.53934426229508
26.53934426229508
\
26.560655737704916
26.547540983606556
26.552459016393442
26.555737704918034
26.560655737704916
26.554098360655736
26.555737704918034
26.555737704918034
26.560655737704916
26.560655737704916
26.555737704918034
26.547540983606556
26.547540983606556
26.547540983606556
26.547540983606556
26.547540983606556
26.547540983606556
26.54590163934426
26.54590163934426
26.537704918032787
26.53934426229508
26.542622950819673
26.53934426229508
26.53934426229508
26.540983606557376
\
26.560655737704916
26.552459016393442
26.552459016393442
26.560655737704916
26.56393442622951
26.560655737704916
26.560655737704916
26.560655737704916
26.560655737704916
26.560655737704916
26.555737704918034
26.549180327868854
26.552459016393442
26.552459016393442
26.547540983606556
26.540983606557376
26.547540983606556
26.542622950819673
26.549180327868854
26.54590163934426
26.54590163934426
26.547540983606556
26.549180327868854
26.54590163934426
26.549180327868854
\
