26.527868852459015
26.534426229508195
26.534426229508195
26.531147540983607
26.534426229508195
26.5327868852459
26.534426229508195
26.527868852459015
26.534426229508195
26.527868852459015
26.534426229508195
26.534426229508195
26.527868852459015
26.527868852459015
26.527868852459015
26.524590163934427
26.524590163934427
26.521311475409835
26.521311475409835
26.524590163934427
26.521311475409835
\
26.521311475409835
26.527868852459015
26.527868852459015
26.524590163934427
26.527868852459015
26.524590163934427
26.524590163934427
26.521311475409835
26.521311475409835
26.521311475409835
26.521311475409835
26.521311475409835
26.51967213114754
26.508196721311474
26.51967213114754
26.51967213114754
26.51967213114754
26.509836065573772
26.509836065573772
26.51967213114754
26.509836065573772
\
26.521311475409835
26.527868852459015
26.524590163934427
26.521311475409835
26.52622950819672
26.527868852459015
26.524590163934427
26.521311475409835
26.524590163934427
26.524590163934427
26.524590163934427
26.524590163934427
26.521311475409835
26.51967213114754
26.518032786885247
26.516393442622952
26.51967213114754
26.509836065573772
26.509836065573772
26.521311475409835
26.51967213114754
\
26.521311475409835
26.534426229508195
26.524590163934427
26.524590163934427
26.527868852459015
26.527868852459015
26.527868852459015
26.527868852459015
26.527868852459015
26.527868852459015
26.527868852459015
26.524590163934427
26.521311475409835
26.521311475409835
26.524590163934427
26.521311475409835
26.51967213114754
26.51967213114754
26.509836065573772
26.521311475409835
26.521311475409835
\
26.534426229508195
26.52622950819672
26.534426229508195
26.534426229508195
26.524590163934427
26.534426229508195
26.527868852459015
26.524590163934427
26.527868852459015
26.527868852459015
26.524590163934427
26.524590163934427
26.527868852459015
26.524590163934427
26.527868852459015
26.527868852459015
26.524590163934427
26.521311475409835
26.524590163934427
26.524590163934427
26.521311475409835
26.524590163934427
26.509836065573772
26.509836065573772
26.51967213114754
\
26.534426229508195
26.52622950819672
26.534426229508195
26.5327868852459
26.527868852459015
26.534426229508195
26.524590163934427
26.524590163934427
26.527868852459015
26.527868852459015
26.527868852459015
26.524590163934427
26.527868852459015
26.524590163934427
26.524590163934427
26.52622950819672
26.521311475409835
26.524590163934427
26.527868852459015
26.521311475409835
26.521311475409835
26.51967213114754
26.509836065573772
26.509836065573772
26.524590163934427
\
26.524590163934427
26.521311475409835
26.534426229508195
26.531147540983607
26.521311475409835
26.527868852459015
26.524590163934427
26.521311475409835
26.521311475409835
26.524590163934427
26.524590163934427
26.524590163934427
26.524590163934427
26.51967213114754
26.521311475409835
26.521311475409835
26.521311475409835
26.521311475409835
26.521311475409835
26.521311475409835
26.51967213114754
26.508196721311474
26.508196721311474
26.508196721311474
26.51967213114754
\
26.534426229508195
26.524590163934427
26.534426229508195
26.534426229508195
26.524590163934427
26.531147540983607
26.527868852459015
26.521311475409835
26.524590163934427
26.524590163934427
26.527868852459015
26.524590163934427
26.527868852459015
26.521311475409835
26.521311475409835
26.524590163934427
26.527868852459015
26.524590163934427
26.524590163934427
26.521311475409835
26.521311475409835
26.51967213114754
26.509836065573772
26.51967213114754
26.524590163934427
\
26.527868852459015
26.527868852459015
26.534426229508195
26.534426229508195
26.527868852459015
26.527868852459015
26.527868852459015
26.524590163934427
26.521311475409835
26.51967213114754
26.527868852459015
26.524590163934427
26.527868852459015
26.524590163934427
26.521311475409835
26.52622950819672
26.524590163934427
26.521311475409835
26.524590163934427
26.521311475409835
26.51967213114754
26.51967213114754
26.509836065573772
26.521311475409835
26.524590163934427
\
26.531147540983607
26.527868852459015
26.534426229508195
26.534426229508195
26.527868852459015
26.534426229508195
26.527868852459015
26.52622950819672
26.524590163934427
26.521311475409835
26.527868852459015
26.521311475409835
26.521311475409835
26.516393442622952
26.509836065573772
26.521311475409835
26.524590163934427
26.521311475409835
26.524590163934427
26.51967213114754
26.524590163934427
26.51967213114754
26.516393442622952
26.51967213114754
26.524590163934427
\
26.534426229508195
26.527868852459015
26.531147540983607
26.534426229508195
26.527868852459015
26.534426229508195
26.531147540983607
26.527868852459015
26.524590163934427
26.527868852459015
26.527868852459015
26.521311475409835
26.509836065573772
26.508196721311474
26.508196721311474
26.51967213114754
26.521311475409835
26.521311475409835
26.524590163934427
26.51967213114754
26.51967213114754
26.516393442622952
26.51967213114754
26.51967213114754
26.521311475409835
\
26.534426229508195
26.527868852459015
26.534426229508195
26.534426229508195
26.527868852459015
26.534426229508195
26.529508196721313
26.527868852459015
26.527868852459015
26.531147540983607
26.534426229508195
26.524590163934427
26.521311475409835
26.509836065573772
26.51967213114754
26.521311475409835
26.521311475409835
26.52622950819672
26.524590163934427
26.521311475409835
26.51967213114754
26.521311475409835
26.521311475409835
26.524590163934427
26.527868852459015
\
26.524590163934427
26.51967213114754
26.524590163934427
26.527868852459015
26.524590163934427
26.527868852459015
26.524590163934427
26.521311475409835
26.524590163934427
26.527868852459015
26.527868852459015
26.527868852459015
26.524590163934427
26.509836065573772
26.509836065573772
26.51967213114754
26.51967213114754
26.521311475409835
26.521311475409835
26.51967213114754
26.51967213114754
26.51967213114754
26.51967213114754
26.521311475409835
26.524590163934427
\
26.524590163934427
26.521311475409835
26.524590163934427
26.527868852459015
26.524590163934427
26.527868852459015
26.527868852459015
26.524590163934427
26.52622950819672
26.527868852459015
26.534426229508195
26.527868852459015
26.527868852459015
26.51967213114754
26.521311475409835
26.524590163934427
26.521311475409835
26.521311475409835
26.521311475409835
26.51967213114754
26.521311475409835
26.51967213114754
26.51967213114754
26.521311475409835
26.524590163934427
\
26.524590163934427
26.524590163934427
26.527868852459015
26.534426229508195
26.52622950819672
26.534426229508195
26.534426229508195
26.527868852459015
26.527868852459015
26.527868852459015
26.534426229508195
26.527868852459015
26.527868852459015
26.521311475409835
26.521311475409835
26.521311475409835
26.521311475409835
26.51967213114754
26.51967213114754
26.51967213114754
26.509836065573772
26.51967213114754
26.51967213114754
26.51967213114754
26.51967213114754
\
26.524590163934427
26.524590163934427
26.527868852459015
26.529508196721313
26.527868852459015
26.527868852459015
26.527868852459015
26.524590163934427
26.524590163934427
26.524590163934427
26.527868852459015
26.52622950819672
26.527868852459015
26.521311475409835
26.521311475409835
26.521311475409835
26.521311475409835
26.516393442622952
26.521311475409835
26.51967213114754
26.51967213114754
26.51967213114754
26.509836065573772
26.521311475409835
26.521311475409835
\
