26.518032786885247
26.51967213114754
26.51967213114754
26.518032786885247
26.518032786885247
26.51967213114754
26.51967213114754
26.508196721311474
26.508196721311474
26.508196721311474
26.508196721311474
26.508196721311474
26.508196721311474
26.504918032786886
26.508196721311474
26.508196721311474
26.508196721311474
26.508196721311474
26.501639344262294
26.508196721311474
26.504918032786886
\
26.508196721311474
26.518032786885247
26.50655737704918
26.508196721311474
26.508196721311474
26.518032786885247
26.518032786885247
26.504918032786886
26.508196721311474
26.501639344262294
26.501639344262294
26.498360655737706
26.49672131147541
26.495081967213114
26.503278688524592
26.495081967213114
26.498360655737706
26.498360655737706
26.495081967213114
26.495081967213114
26.491803278688526
\
26.508196721311474
26.518032786885247
26.518032786885247
26.508196721311474
26.508196721311474
26.51967213114754
26.50655737704918
26.508196721311474
26.516393442622952
26.508196721311474
26.508196721311474
26.501639344262294
26.501639344262294
26.501639344262294
26.503278688524592
26.498360655737706
26.501639344262294
26.498360655737706
26.495081967213114
26.498360655737706
26.49672131147541
\
26.518032786885247
26.51967213114754
26.518032786885247
26.516393442622952
26.518032786885247
26.51967213114754
26.508196721311474
26.508196721311474
26.508196721311474
26.503278688524592
26.508196721311474
26.501639344262294
26.501639344262294
26.501639344262294
26.508196721311474
26.498360655737706
26.501639344262294
26.5
26.495081967213114
26.498360655737706
26.49672131147541
\
26.508196721311474
26.504918032786886
26.504918032786886
26.501639344262294
26.508196721311474
26.521311475409835
26.518032786885247
26.508196721311474
26.508196721311474
26.51967213114754
26.518032786885247
26.501639344262294
26.501639344262294
26.498360655737706
26.504918032786886
26.503278688524592
26.501639344262294
26.5
26.504918032786886
26.498360655737706
26.498360655737706
26.5
26.495081967213114
26.5
26.495081967213114
\
26.518032786885247
26.508196721311474
26.508196721311474
26.503278688524592
26.508196721311474
26.518032786885247
26.518032786885247
26.508196721311474
26.508196721311474
26.51967213114754
26.518032786885247
26.501639344262294
26.508196721311474
26.504918032786886
26.508196721311474
26.508196721311474
26.501639344262294
26.498360655737706
26.501639344262294
26.498360655737706
26.5
26.508196721311474
26.495081967213114
26.501639344262294
26.5
\
26.51967213114754
26.508196721311474
26.508196721311474
26.50655737704918
26.508196721311474
26.518032786885247
26.508196721311474
26.508196721311474
26.508196721311474
26.518032786885247
26.51967213114754
26.504918032786886
26.50655737704918
26.508196721311474
26.50655737704918
26.508196721311474
26.504918032786886
26.501639344262294
26.504918032786886
26.501639344262294
26.501639344262294
26.508196721311474
26.5
26.501639344262294
26.501639344262294
\
26.518032786885247
26.518032786885247
26.508196721311474
26.508196721311474
26.518032786885247
26.51967213114754
26.518032786885247
26.508196721311474
26.508196721311474
26.516393442622952
26.518032786885247
26.50655737704918
26.518032786885247
26.516393442622952
26.508196721311474
26.508196721311474
26.50655737704918
26.504918032786886
26.504918032786886
26.498360655737706
26.5
26.501639344262294
26.501639344262294
26.504918032786886
26.504918032786886
\
26.518032786885247
26.508196721311474
26.508196721311474
26.50655737704918
26.518032786885247
26.518032786885247
26.508196721311474
26.508196721311474
26.508196721311474
26.508196721311474
26.518032786885247
26.504918032786886
26.518032786885247
26.508196721311474
26.518032786885247
26.508196721311474
26.508196721311474
26.503278688524592
26.503278688524592
26.498360655737706
26.49672131147541
26.501639344262294
26.498360655737706
26.49672131147541
26.498360655737706
\
26.516393442622952
26.50655737704918
26.508196721311474
26.508196721311474
26.518032786885247
26.518032786885247
26.518032786885247
26.50655737704918
26.508196721311474
26.508196721311474
26.508196721311474
26.501639344262294
26.508196721311474
26.501639344262294
26.508196721311474
26.501639344262294
26.498360655737706
26.498360655737706
26.508196721311474
26.498360655737706
26.501639344262294
26.501639344262294
26.495081967213114
26.498360655737706
26.498360655737706
\
26.508196721311474
26.508196721311474
26.508196721311474
26.50655737704918
26.50655737704918
26.518032786885247
26.518032786885247
26.508196721311474
26.508196721311474
26.518032786885247
26.518032786885247
26.501639344262294
26.501639344262294
26.495081967213114
26.501639344262294
26.501639344262294
26.5
26.501639344262294
26.508196721311474
26.498360655737706
26.5
26.501639344262294
26.498360655737706
26.498360655737706
26.49672131147541
\
26.51967213114754
26.516393442622952
26.518032786885247
26.508196721311474
26.518032786885247
26.51967213114754
26.51967213114754
26.508196721311474
26.508196721311474
26.518032786885247
26.51967213114754
26.503278688524592
26.5
26.49672131147541
26.501639344262294
26.501639344262294
26.508196721311474
26.49672131147541
26.508196721311474
26.501639344262294
26.504918032786886
26.501639344262294
26.498360655737706
26.501639344262294
26.498360655737706
\
26.521311475409835
26.51967213114754
26.51967213114754
26.518032786885247
26.521311475409835
26.521311475409835
26.521311475409835
26.51967213114754
26.51967213114754
26.521311475409835
26.522950819672133
26.508196721311474
26.50655737704918
26.508196721311474
26.504918032786886
26.508196721311474
26.503278688524592
26.501639344262294
26.508196721311474
26.508196721311474
26.508196721311474
26.501639344262294
26.498360655737706
26.5
26.49672131147541
\
26.521311475409835
26.518032786885247
26.518032786885247
26.508196721311474
26.521311475409835
26.521311475409835
26.521311475409835
26.51967213114754
26.51967213114754
26.522950819672133
26.51967213114754
26.508196721311474
26.508196721311474
26.508196721311474
26.508196721311474
26.508196721311474
26.508196721311474
26.508196721311474
26.518032786885247
26.504918032786886
26.508196721311474
26.508196721311474
26.498360655737706
26.504918032786886
26.508196721311474
\
26.518032786885247
26.50655737704918
26.518032786885247
26.518032786885247
26.521311475409835
26.521311475409835
26.521311475409835
26.51967213114754
26.51967213114754
26.51967213114754
26.518032786885247
26.50655737704918
26.518032786885247
26.508196721311474
26.508196721311474
26.508196721311474
26.508196721311474
26.508196721311474
26.508196721311474
26.508196721311474
26.508196721311474
26.516393442622952
26.5
26.508196721311474
26.508196721311474
\
26.51967213114754
26.518032786885247
26.518032786885247
26.518032786885247
26.51967213114754
26.521311475409835
26.522950819672133
26.51967213114754
26.518032786885247
26.51967213114754
26.518032786885247
26.508196721311474
26.518032786885247
26.508196721311474
26.508196721311474
26.508196721311474
26.508196721311474
26.503278688524592
26.508196721311474
26.504918032786886
26.508196721311474
26.508196721311474
26.503278688524592
26.508196721311474
26.508196721311474
\
