26.485245901639345
26.481967213114753
26.491803278688526
26.48688524590164
26.488524590163934
26.485245901639345
26.485245901639345
26.485245901639345
26.485245901639345
26.478688524590165
26.481967213114753
26.48032786885246
26.481967213114753
26.477049180327867
26.478688524590165
26.478688524590165
26.48032786885246
26.478688524590165
26.478688524590165
26.481967213114753
26.481967213114753
\
26.481967213114753
26.481967213114753
26.488524590163934
26.485245901639345
26.485245901639345
26.485245901639345
26.485245901639345
26.485245901639345
26.481967213114753
26.478688524590165
26.478688524590165
26.478688524590165
26.478688524590165
26.477049180327867
26.477049180327867
26.478688524590165
26.477049180327867
26.477049180327867
26.477049180327867
26.478688524590165
26.477049180327867
\
26.485245901639345
26.481967213114753
26.490163934426228
26.485245901639345
26.485245901639345
26.485245901639345
26.481967213114753
26.485245901639345
26.485245901639345
26.481967213114753
26.48032786885246
26.478688524590165
26.48032786885246
26.477049180327867
26.478688524590165
26.478688524590165
26.478688524590165
26.477049180327867
26.477049180327867
26.478688524590165
26.478688524590165
\
26.488524590163934
26.485245901639345
26.49344262295082
26.485245901639345
26.485245901639345
26.485245901639345
26.485245901639345
26.485245901639345
26.481967213114753
26.48032786885246
26.481967213114753
26.481967213114753
26.485245901639345
26.48032786885246
26.48032786885246
26.481967213114753
26.48032786885246
26.481967213114753
26.478688524590165
26.481967213114753
26.478688524590165
\
26.485245901639345
26.481967213114753
26.485245901639345
26.485245901639345
26.485245901639345
26.485245901639345
26.49344262295082
26.485245901639345
26.485245901639345
26.485245901639345
26.481967213114753
26.481967213114753
26.48032786885246
26.478688524590165
26.481967213114753
26.481967213114753
26.481967213114753
26.477049180327867
26.48032786885246
26.478688524590165
26.477049180327867
26.478688524590165
26.478688524590165
26.48032786885246
26.477049180327867
\
26.485245901639345
26.485245901639345
26.485245901639345
26.485245901639345
26.485245901639345
26.481967213114753
26.49344262295082
26.485245901639345
26.488524590163934
26.488524590163934
26.485245901639345
26.485245901639345
26.481967213114753
26.481967213114753
26.48032786885246
26.481967213114753
26.485245901639345
26.478688524590165
26.48032786885246
26.478688524590165
26.478688524590165
26.48032786885246
26.481967213114753
26.48032786885246
26.48032786885246
\
26.488524590163934
26.48688524590164
26.488524590163934
26.485245901639345
26.485245901639345
26.481967213114753
26.490163934426228
26.485245901639345
26.48688524590164
26.48688524590164
26.485245901639345
26.485245901639345
26.485245901639345
26.485245901639345
26.485245901639345
26.481967213114753
26.485245901639345
26.478688524590165
26.481967213114753
26.478688524590165
26.478688524590165
26.485245901639345
26.481967213114753
26.481967213114753
26.481967213114753
\
26.490163934426228
26.490163934426228
26.485245901639345
26.48688524590164
26.485245901639345
26.485245901639345
26.490163934426228
26.485245901639345
26.488524590163934
26.485245901639345
26.485245901639345
26.485245901639345
26.48688524590164
26.485245901639345
26.485245901639345
26.485245901639345
26.490163934426228
26.485245901639345
26.485245901639345
26.48032786885246
26.48032786885246
26.485245901639345
26.481967213114753
26.485245901639345
26.481967213114753
\
26.490163934426228
26.490163934426228
26.48688524590164
26.48688524590164
26.490163934426228
26.485245901639345
26.490163934426228
26.485245901639345
26.48688524590164
26.485245901639345
26.485245901639345
26.485245901639345
26.485245901639345
26.485245901639345
26.485245901639345
26.485245901639345
26.485245901639345
26.481967213114753
26.485245901639345
26.481967213114753
26.48032786885246
26.481967213114753
26.485245901639345
26.485245901639345
26.481967213114753
\
26.485245901639345
26.488524590163934
26.488524590163934
26.48688524590164
26.48688524590164
26.485245901639345
26.490163934426228
26.485245901639345
26.48688524590164
26.485245901639345
26.485245901639345
26.481967213114753
26.481967213114753
26.481967213114753
26.481967213114753
26.481967213114753
26.481967213114753
26.478688524590165
26.478688524590165
26.481967213114753
26.48032786885246
26.485245901639345
26.481967213114753
26.481967213114753
26.48032786885246
\
26.485245901639345
26.488524590163934
26.488524590163934
26.488524590163934
26.485245901639345
26.485245901639345
26.490163934426228
26.485245901639345
26.488524590163934
26.485245901639345
26.485245901639345
26.485245901639345
26.478688524590165
26.478688524590165
26.48032786885246
26.481967213114753
26.481967213114753
26.48032786885246
26.48032786885246
26.48032786885246
26.48032786885246
26.485245901639345
26.481967213114753
26.481967213114753
26.485245901639345
\
26.488524590163934
26.490163934426228
26.488524590163934
26.485245901639345
26.485245901639345
26.481967213114753
26.491803278688526
26.485245901639345
26.48688524590164
26.485245901639345
26.485245901639345
26.485245901639345
26.478688524590165
26.478688524590165
26.48032786885246
26.481967213114753
26.481967213114753
26.478688524590165
26.48032786885246
26.478688524590165
26.48032786885246
26.48032786885246
26.48032786885246
26.485245901639345
26.48032786885246
\
26.49344262295082
26.49344262295082
26.491803278688526
26.490163934426228
26.48688524590164
26.485245901639345
26.490163934426228
26.485245901639345
26.48688524590164
26.48688524590164
26.48688524590164
26.485245901639345
26.478688524590165
26.48032786885246
26.48032786885246
26.481967213114753
26.48032786885246
26.478688524590165
26.478688524590165
26.48032786885246
26.478688524590165
26.478688524590165
26.48032786885246
26.48032786885246
26.481967213114753
\
26.488524590163934
26.485245901639345
26.485245901639345
26.485245901639345
26.485245901639345
26.485245901639345
26.490163934426228
26.485245901639345
26.485245901639345
26.485245901639345
26.485245901639345
26.485245901639345
26.48032786885246
26.48032786885246
26.481967213114753
26.481967213114753
26.485245901639345
26.478688524590165
26.481967213114753
26.48032786885246
26.481967213114753
26.485245901639345
26.478688524590165
26.481967213114753
26.485245901639345
\
26.485245901639345
26.48688524590164
26.481967213114753
26.485245901639345
26.481967213114753
26.481967213114753
26.490163934426228
26.485245901639345
26.485245901639345
26.485245901639345
26.485245901639345
26.481967213114753
26.48032786885246
26.478688524590165
26.478688524590165
26.481967213114753
26.481967213114753
26.478688524590165
26.48032786885246
26.481967213114753
26.481967213114753
26.481967213114753
26.481967213114753
26.481967213114753
26.485245901639345
\
26.485245901639345
26.485245901639345
26.485245901639345
26.485245901639345
26.485245901639345
26.481967213114753
26.488524590163934
26.485245901639345
26.485245901639345
26.485245901639345
26.48032786885246
26.48032786885246
26.48032786885246
26.478688524590165
26.478688524590165
26.48032786885246
26.478688524590165
26.478688524590165
26.48032786885246
26.478688524590165
26.481967213114753
26.48032786885246
26.481967213114753
26.485245901639345
26.485245901639345
\
