26.495081967213114
26.501639344262294
26.495081967213114
26.5
26.516393442622952
26.540983606557376
26.521311475409835
26.508196721311474
26.508196721311474
26.501639344262294
26.503278688524592
26.495081967213114
26.498360655737706
26.498360655737706
26.498360655737706
26.498360655737706
26.495081967213114
26.495081967213114
26.488524590163934
26.488524590163934
26.488524590163934
\
26.488524590163934
26.49344262295082
26.490163934426228
26.495081967213114
26.5
26.511475409836066
26.498360655737706
26.5
26.5
26.495081967213114
26.495081967213114
26.488524590163934
26.49672131147541
26.495081967213114
26.495081967213114
26.498360655737706
26.495081967213114
26.485245901639345
26.49344262295082
26.495081967213114
26.495081967213114
\
26.495081967213114
26.498360655737706
26.495081967213114
26.501639344262294
26.5
26.504918032786886
26.498360655737706
26.495081967213114
26.5
26.501639344262294
26.5
26.491803278688526
26.498360655737706
26.495081967213114
26.495081967213114
26.495081967213114
26.495081967213114
26.490163934426228
26.49344262295082
26.495081967213114
26.495081967213114
\
26.498360655737706
26.501639344262294
26.501639344262294
26.501639344262294
26.5
26.501639344262294
26.501639344262294
26.5
26.501639344262294
26.5
26.501639344262294
26.495081967213114
26.501639344262294
26.495081967213114
26.5
26.498360655737706
26.495081967213114
26.49344262295082
26.49672131147541
26.498360655737706
26.5
\
26.5
26.498360655737706
26.5
26.5
26.49672131147541
26.504918032786886
26.501639344262294
26.504918032786886
26.501639344262294
26.508196721311474
26.501639344262294
26.501639344262294
26.5
26.495081967213114
26.501639344262294
26.495081967213114
26.5
26.498360655737706
26.495081967213114
26.495081967213114
26.49344262295082
26.491803278688526
26.498360655737706
26.501639344262294
26.495081967213114
\
26.503278688524592
26.501639344262294
26.503278688524592
26.501639344262294
26.5
26.50655737704918
26.503278688524592
26.511475409836066
26.511475409836066
26.518032786885247
26.504918032786886
26.501639344262294
26.501639344262294
26.498360655737706
26.501639344262294
26.495081967213114
26.498360655737706
26.498360655737706
26.498360655737706
26.498360655737706
26.498360655737706
26.495081967213114
26.5
26.504918032786886
26.503278688524592
\
26.511475409836066
26.49672131147541
26.501639344262294
26.498360655737706
26.495081967213114
26.501639344262294
26.498360655737706
26.501639344262294
26.501639344262294
26.511475409836066
26.501639344262294
26.498360655737706
26.501639344262294
26.5
26.501639344262294
26.49344262295082
26.498360655737706
26.498360655737706
26.495081967213114
26.495081967213114
26.49344262295082
26.48688524590164
26.495081967213114
26.498360655737706
26.501639344262294
\
26.50655737704918
26.5
26.501639344262294
26.501639344262294
26.501639344262294
26.501639344262294
26.498360655737706
26.5
26.501639344262294
26.511475409836066
26.501639344262294
26.498360655737706
26.501639344262294
26.5
26.501639344262294
26.49672131147541
26.5
26.5
26.498360655737706
26.49344262295082
26.495081967213114
26.495081967213114
26.498360655737706
26.501639344262294
26.501639344262294
\
26.511475409836066
26.501639344262294
26.501639344262294
26.5
26.501639344262294
26.503278688524592
26.49672131147541
26.5
26.504918032786886
26.504918032786886
26.503278688524592
26.501639344262294
26.50655737704918
26.501639344262294
26.501639344262294
26.498360655737706
26.5
26.498360655737706
26.498360655737706
26.498360655737706
26.495081967213114
26.49344262295082
26.5
26.5
26.5
\
26.511475409836066
26.503278688524592
26.501639344262294
26.50655737704918
26.501639344262294
26.50655737704918
26.5
26.501639344262294
26.508196721311474
26.51311475409836
26.504918032786886
26.501639344262294
26.5
26.5
26.501639344262294
26.495081967213114
26.501639344262294
26.5
26.5
26.501639344262294
26.498360655737706
26.501639344262294
26.508196721311474
26.50655737704918
26.504918032786886
\
26.504918032786886
26.5
26.501639344262294
26.5
26.501639344262294
26.504918032786886
26.501639344262294
26.501639344262294
26.50655737704918
26.514754098360655
26.508196721311474
26.5
26.49344262295082
26.495081967213114
26.5
26.495081967213114
26.498360655737706
26.5
26.498360655737706
26.498360655737706
26.498360655737706
26.495081967213114
26.498360655737706
26.5
26.501639344262294
\
26.501639344262294
26.5
26.5
26.501639344262294
26.5
26.504918032786886
26.503278688524592
26.50655737704918
26.508196721311474
26.514754098360655
26.508196721311474
26.5
26.495081967213114
26.495081967213114
26.5
26.495081967213114
26.498360655737706
26.495081967213114
26.495081967213114
26.495081967213114
26.498360655737706
26.49344262295082
26.498360655737706
26.501639344262294
26.501639344262294
\
26.501639344262294
26.5
26.501639344262294
26.501639344262294
26.501639344262294
26.50655737704918
26.50655737704918
26.511475409836066
26.50655737704918
26.518032786885247
26.511475409836066
26.50655737704918
26.501639344262294
26.5
26.503278688524592
26.498360655737706
26.503278688524592
26.498360655737706
26.498360655737706
26.501639344262294
26.495081967213114
26.495081967213114
26.498360655737706
26.501639344262294
26.504918032786886
\
26.5
26.5
26.498360655737706
26.5
26.498360655737706
26.50655737704918
26.504918032786886
26.511475409836066
26.504918032786886
26.511475409836066
26.504918032786886
26.504918032786886
26.501639344262294
26.501639344262294
26.50655737704918
26.5
26.50655737704918
26.5
26.501639344262294
26.5
26.5
26.495081967213114
26.501639344262294
26.50655737704918
26.504918032786886
\
26.498360655737706
26.49344262295082
26.495081967213114
26.498360655737706
26.495081967213114
26.501639344262294
26.49672131147541
26.501639344262294
26.5
26.501639344262294
26.501639344262294
26.501639344262294
26.501639344262294
26.501639344262294
26.511475409836066
26.5
26.511475409836066
26.501639344262294
26.5
26.5
26.495081967213114
26.495081967213114
26.5
26.50655737704918
26.508196721311474
\
26.488524590163934
26.485245901639345
26.490163934426228
26.495081967213114
26.488524590163934
26.49672131147541
26.49344262295082
26.495081967213114
26.49344262295082
26.5
26.495081967213114
26.495081967213114
26.49672131147541
26.498360655737706
26.5
26.498360655737706
26.501639344262294
26.498360655737706
26.495081967213114
26.495081967213114
26.495081967213114
26.491803278688526
26.501639344262294
26.50655737704918
26.501639344262294
\
