28.51967213114754
28.527868852459015
28.534426229508195
28.51967213114754
28.522950819672133
28.521311475409835
28.51967213114754
28.501639344262294
28.495081967213114
28.498360655737706
28.518032786885247
28.516393442622952
28.521311475409835
28.51967213114754
28.516393442622952
28.52622950819672
28.527868852459015
28.52622950819672
28.536065573770493
28.521311475409835
28.527868852459015
\
28.50655737704918
28.527868852459015
28.534426229508195
28.527868852459015
28.521311475409835
28.516393442622952
28.518032786885247
28.508196721311474
28.501639344262294
28.514754098360655
28.51967213114754
28.514754098360655
28.521311475409835
28.514754098360655
28.521311475409835
28.524590163934427
28.52622950819672
28.527868852459015
28.536065573770493
28.521311475409835
28.537704918032787
\
28.521311475409835
28.52622950819672
28.527868852459015
28.521311475409835
28.516393442622952
28.518032786885247
28.51967213114754
28.521311475409835
28.51967213114754
28.521311475409835
28.534426229508195
28.534426229508195
28.5327868852459
28.521311475409835
28.534426229508195
28.534426229508195
28.527868852459015
28.536065573770493
28.537704918032787
28.527868852459015
28.537704918032787
\
28.516393442622952
28.534426229508195
28.534426229508195
28.51967213114754
28.51967213114754
28.521311475409835
28.518032786885247
28.514754098360655
28.521311475409835
28.524590163934427
28.536065573770493
28.536065573770493
28.536065573770493
28.524590163934427
28.534426229508195
28.534426229508195
28.5327868852459
28.534426229508195
28.534426229508195
28.521311475409835
28.537704918032787
\
28.534426229508195
28.503278688524592
28.498360655737706
28.537704918032787
28.524590163934427
28.531147540983607
28.531147540983607
28.51967213114754
28.51967213114754
28.518032786885247
28.521311475409835
28.51967213114754
28.521311475409835
28.521311475409835
28.53934426229508
28.536065573770493
28.534426229508195
28.527868852459015
28.536065573770493
28.534426229508195
28.527868852459015
28.534426229508195
28.54590163934426
28.534426229508195
28.53934426229508
\
28.53934426229508
28.5
28.503278688524592
28.537704918032787
28.522950819672133
28.534426229508195
28.536065573770493
28.521311475409835
28.522950819672133
28.51967213114754
28.521311475409835
28.52622950819672
28.521311475409835
28.534426229508195
28.549180327868854
28.534426229508195
28.53934426229508
28.534426229508195
28.53934426229508
28.536065573770493
28.537704918032787
28.53934426229508
28.54590163934426
28.527868852459015
28.54590163934426
\
28.53934426229508
28.501639344262294
28.501639344262294
28.537704918032787
28.521311475409835
28.534426229508195
28.534426229508195
28.52622950819672
28.527868852459015
28.51967213114754
28.521311475409835
28.521311475409835
28.527868852459015
28.536065573770493
28.54590163934426
28.537704918032787
28.53934426229508
28.536065573770493
28.537704918032787
28.537704918032787
28.534426229508195
28.54590163934426
28.53934426229508
28.534426229508195
28.54590163934426
\
28.53934426229508
28.5
28.501639344262294
28.547540983606556
28.51967213114754
28.527868852459015
28.534426229508195
28.524590163934427
28.527868852459015
28.518032786885247
28.521311475409835
28.51967213114754
28.521311475409835
28.534426229508195
28.53934426229508
28.53934426229508
28.53934426229508
28.534426229508195
28.537704918032787
28.54590163934426
28.537704918032787
28.54590163934426
28.54590163934426
28.534426229508195
28.54590163934426
\
28.54590163934426
28.50655737704918
28.501639344262294
28.550819672131148
28.51967213114754
28.52622950819672
28.527868852459015
28.521311475409835
28.52622950819672
28.51967213114754
28.527868852459015
28.521311475409835
28.516393442622952
28.534426229508195
28.53934426229508
28.54590163934426
28.537704918032787
28.534426229508195
28.53934426229508
28.53934426229508
28.53934426229508
28.53934426229508
28.54590163934426
28.527868852459015
28.54590163934426
\
28.549180327868854
28.516393442622952
28.501639344262294
28.547540983606556
28.51967213114754
28.527868852459015
28.534426229508195
28.51967213114754
28.524590163934427
28.521311475409835
28.527868852459015
28.527868852459015
28.518032786885247
28.527868852459015
28.54590163934426
28.547540983606556
28.53934426229508
28.534426229508195
28.53934426229508
28.537704918032787
28.537704918032787
28.53934426229508
28.547540983606556
28.527868852459015
28.54590163934426
\
28.554098360655736
28.521311475409835
28.50655737704918
28.547540983606556
28.51967213114754
28.52622950819672
28.534426229508195
28.524590163934427
28.52622950819672
28.521311475409835
28.51967213114754
28.52622950819672
28.521311475409835
28.536065573770493
28.547540983606556
28.547540983606556
28.53934426229508
28.534426229508195
28.53934426229508
28.53934426229508
28.53934426229508
28.537704918032787
28.547540983606556
28.534426229508195
28.54590163934426
\
28.557377049180328
28.518032786885247
28.50655737704918
28.547540983606556
28.534426229508195
28.534426229508195
28.534426229508195
28.521311475409835
28.52622950819672
28.521311475409835
28.5327868852459
28.534426229508195
28.5327868852459
28.536065573770493
28.54590163934426
28.549180327868854
28.53934426229508
28.53934426229508
28.549180327868854
28.547540983606556
28.54590163934426
28.547540983606556
28.549180327868854
28.536065573770493
28.557377049180328
\
28.547540983606556
28.508196721311474
28.5
28.54590163934426
28.527868852459015
28.527868852459015
28.534426229508195
28.51967213114754
28.534426229508195
28.5327868852459
28.527868852459015
28.527868852459015
28.52622950819672
28.537704918032787
28.549180327868854
28.53934426229508
28.53934426229508
28.534426229508195
28.53934426229508
28.53934426229508
28.54590163934426
28.54590163934426
28.53934426229508
28.534426229508195
28.537704918032787
\
28.549180327868854
28.50655737704918
28.50655737704918
28.547540983606556
28.527868852459015
28.522950819672133
28.527868852459015
28.534426229508195
28.547540983606556
28.537704918032787
28.534426229508195
28.521311475409835
28.524590163934427
28.537704918032787
28.547540983606556
28.53934426229508
28.53934426229508
28.534426229508195
28.54590163934426
28.53934426229508
28.53934426229508
28.54590163934426
28.54590163934426
28.527868852459015
28.547540983606556
\
28.537704918032787
28.501639344262294
28.503278688524592
28.54590163934426
28.522950819672133
28.521311475409835
28.524590163934427
28.549180327868854
28.567213114754097
28.547540983606556
28.54590163934426
28.51967213114754
28.52622950819672
28.534426229508195
28.534426229508195
28.534426229508195
28.537704918032787
28.534426229508195
28.534426229508195
28.491803278688526
28.547540983606556
28.549180327868854
28.536065573770493
28.521311475409835
28.537704918032787
\
28.534426229508195
28.503278688524592
28.5
28.54590163934426
28.521311475409835
28.521311475409835
28.531147540983607
28.54590163934426
28.56393442622951
28.550819672131148
28.547540983606556
28.521311475409835
28.524590163934427
28.534426229508195
28.537704918032787
28.534426229508195
28.53934426229508
28.527868852459015
28.521311475409835
28.485245901639345
28.547540983606556
28.549180327868854
28.537704918032787
28.51967213114754
28.534426229508195
\
