27.488524590163934
27.48688524590164
27.48688524590164
27.491803278688526
27.485245901639345
27.485245901639345
27.495081967213114
27.485245901639345
27.481967213114753
27.439344262295084
27.41311475409836
27.418032786885245
27.432786885245903
27.444262295081966
27.481967213114753
27.488524590163934
27.488524590163934
27.481967213114753
27.485245901639345
27.488524590163934
27.488524590163934
\
27.488524590163934
27.48688524590164
27.481967213114753
27.48688524590164
27.481967213114753
27.485245901639345
27.491803278688526
27.485245901639345
27.491803278688526
27.475409836065573
27.431147540983606
27.432786885245903
27.475409836065573
27.481967213114753
27.485245901639345
27.48688524590164
27.485245901639345
27.481967213114753
27.485245901639345
27.491803278688526
27.485245901639345
\
27.48688524590164
27.48688524590164
27.48688524590164
27.48688524590164
27.481967213114753
27.491803278688526
27.491803278688526
27.491803278688526
27.495081967213114
27.483606557377048
27.481967213114753
27.478688524590165
27.485245901639345
27.491803278688526
27.48688524590164
27.488524590163934
27.488524590163934
27.481967213114753
27.485245901639345
27.495081967213114
27.48688524590164
\
27.485245901639345
27.485245901639345
27.485245901639345
27.48688524590164
27.481967213114753
27.48688524590164
27.48688524590164
27.488524590163934
27.491803278688526
27.485245901639345
27.488524590163934
27.481967213114753
27.488524590163934
27.488524590163934
27.48688524590164
27.488524590163934
27.488524590163934
27.481967213114753
27.485245901639345
27.488524590163934
27.485245901639345
\
27.481967213114753
27.477049180327867
27.481967213114753
27.481967213114753
27.485245901639345
27.481967213114753
27.483606557377048
27.485245901639345
27.481967213114753
27.483606557377048
27.491803278688526
27.488524590163934
27.488524590163934
27.488524590163934
27.488524590163934
27.485245901639345
27.485245901639345
27.48688524590164
27.488524590163934
27.48688524590164
27.491803278688526
27.488524590163934
27.488524590163934
27.491803278688526
27.485245901639345
\
27.483606557377048
27.478688524590165
27.483606557377048
27.481967213114753
27.485245901639345
27.488524590163934
27.485245901639345
27.483606557377048
27.485245901639345
27.488524590163934
27.495081967213114
27.48688524590164
27.49672131147541
27.488524590163934
27.488524590163934
27.488524590163934
27.48688524590164
27.491803278688526
27.49672131147541
27.491803278688526
27.488524590163934
27.491803278688526
27.485245901639345
27.488524590163934
27.48688524590164
\
27.48688524590164
27.481967213114753
27.485245901639345
27.481967213114753
27.488524590163934
27.488524590163934
27.485245901639345
27.488524590163934
27.48688524590164
27.498360655737706
27.495081967213114
27.495081967213114
27.5
27.495081967213114
27.491803278688526
27.488524590163934
27.495081967213114
27.49672131147541
27.49672131147541
27.495081967213114
27.495081967213114
27.495081967213114
27.488524590163934
27.495081967213114
27.48688524590164
\
27.483606557377048
27.483606557377048
27.488524590163934
27.481967213114753
27.485245901639345
27.48688524590164
27.485245901639345
27.488524590163934
27.485245901639345
27.491803278688526
27.495081967213114
27.495081967213114
27.498360655737706
27.491803278688526
27.491803278688526
27.495081967213114
27.498360655737706
27.49672131147541
27.49672131147541
27.491803278688526
27.498360655737706
27.495081967213114
27.488524590163934
27.491803278688526
27.485245901639345
\
27.485245901639345
27.481967213114753
27.491803278688526
27.481967213114753
27.48688524590164
27.488524590163934
27.485245901639345
27.48688524590164
27.481967213114753
27.488524590163934
27.491803278688526
27.495081967213114
27.498360655737706
27.495081967213114
27.491803278688526
27.491803278688526
27.49672131147541
27.491803278688526
27.495081967213114
27.49672131147541
27.501639344262294
27.495081967213114
27.495081967213114
27.495081967213114
27.488524590163934
\
27.481967213114753
27.481967213114753
27.491803278688526
27.485245901639345
27.48688524590164
27.488524590163934
27.48688524590164
27.488524590163934
27.485245901639345
27.48688524590164
27.495081967213114
27.498360655737706
27.49672131147541
27.491803278688526
27.488524590163934
27.488524590163934
27.491803278688526
27.495081967213114
27.495081967213114
27.498360655737706
27.5
27.5
27.491803278688526
27.495081967213114
27.491803278688526
\
27.481967213114753
27.481967213114753
27.485245901639345
27.481967213114753
27.48688524590164
27.485245901639345
27.488524590163934
27.485245901639345
27.485245901639345
27.488524590163934
27.49672131147541
27.488524590163934
27.491803278688526
27.485245901639345
27.481967213114753
27.483606557377048
27.488524590163934
27.491803278688526
27.48688524590164
27.495081967213114
27.498360655737706
27.498360655737706
27.491803278688526
27.495081967213114
27.485245901639345
\
27.481967213114753
27.481967213114753
27.485245901639345
27.485245901639345
27.48688524590164
27.485245901639345
27.48688524590164
27.491803278688526
27.483606557377048
27.485245901639345
27.495081967213114
27.491803278688526
27.488524590163934
27.485245901639345
27.481967213114753
27.481967213114753
27.491803278688526
27.488524590163934
27.491803278688526
27.491803278688526
27.498360655737706
27.49672131147541
27.491803278688526
27.491803278688526
27.481967213114753
\
27.48688524590164
27.481967213114753
27.488524590163934
27.491803278688526
27.48688524590164
27.485245901639345
27.485245901639345
27.488524590163934
27.481967213114753
27.488524590163934
27.495081967213114
27.488524590163934
27.491803278688526
27.488524590163934
27.488524590163934
27.481967213114753
27.491803278688526
27.491803278688526
27.491803278688526
27.495081967213114
27.501639344262294
27.495081967213114
27.488524590163934
27.495081967213114
27.481967213114753
\
27.483606557377048
27.481967213114753
27.491803278688526
27.48688524590164
27.488524590163934
27.488524590163934
27.491803278688526
27.488524590163934
27.485245901639345
27.488524590163934
27.491803278688526
27.488524590163934
27.495081967213114
27.491803278688526
27.491803278688526
27.48688524590164
27.488524590163934
27.495081967213114
27.495081967213114
27.495081967213114
27.5
27.495081967213114
27.491803278688526
27.488524590163934
27.481967213114753
\
27.485245901639345
27.481967213114753
27.491803278688526
27.48688524590164
27.498360655737706
27.491803278688526
27.488524590163934
27.491803278688526
27.48688524590164
27.48688524590164
27.495081967213114
27.488524590163934
27.49672131147541
27.488524590163934
27.491803278688526
27.488524590163934
27.495081967213114
27.495081967213114
27.495081967213114
27.498360655737706
27.504918032786886
27.488524590163934
27.488524590163934
27.491803278688526
27.48688524590164
\
27.481967213114753
27.481967213114753
27.488524590163934
27.481967213114753
27.495081967213114
27.48688524590164
27.488524590163934
27.491803278688526
27.481967213114753
27.48688524590164
27.495081967213114
27.48688524590164
27.491803278688526
27.488524590163934
27.491803278688526
27.488524590163934
27.495081967213114
27.498360655737706
27.488524590163934
27.491803278688526
27.498360655737706
27.485245901639345
27.488524590163934
27.488524590163934
27.485245901639345
\
