27.503278688524592
27.5
27.509836065573772
27.49672131147541
27.5
27.508196721311474
27.49672131147541
27.508196721311474
27.495081967213114
27.504918032786886
27.491803278688526
27.49672131147541
27.508196721311474
27.5
27.495081967213114
27.491803278688526
27.49672131147541
27.49344262295082
27.49344262295082
27.503278688524592
27.5
\
27.495081967213114
27.491803278688526
27.501639344262294
27.503278688524592
27.5
27.508196721311474
27.495081967213114
27.508196721311474
27.49344262295082
27.49672131147541
27.49344262295082
27.49672131147541
27.5
27.49344262295082
27.49344262295082
27.491803278688526
27.49344262295082
27.49344262295082
27.49344262295082
27.5
27.49672131147541
\
27.491803278688526
27.490163934426228
27.5
27.5
27.508196721311474
27.509836065573772
27.503278688524592
27.508196721311474
27.491803278688526
27.501639344262294
27.491803278688526
27.49344262295082
27.495081967213114
27.491803278688526
27.491803278688526
27.49344262295082
27.49344262295082
27.49344262295082
27.491803278688526
27.49344262295082
27.491803278688526
\
27.503278688524592
27.490163934426228
27.49672131147541
27.503278688524592
27.508196721311474
27.516393442622952
27.5
27.51311475409836
27.49344262295082
27.504918032786886
27.501639344262294
27.5
27.5
27.49344262295082
27.49344262295082
27.49344262295082
27.49672131147541
27.49672131147541
27.49344262295082
27.5
27.49344262295082
\
27.501639344262294
27.490163934426228
27.5
27.509836065573772
27.5
27.490163934426228
27.49344262295082
27.49672131147541
27.501639344262294
27.508196721311474
27.5
27.508196721311474
27.49344262295082
27.49672131147541
27.49672131147541
27.503278688524592
27.501639344262294
27.495081967213114
27.495081967213114
27.49344262295082
27.491803278688526
27.49344262295082
27.490163934426228
27.495081967213114
27.495081967213114
\
27.508196721311474
27.48688524590164
27.503278688524592
27.51311475409836
27.501639344262294
27.49344262295082
27.49672131147541
27.49672131147541
27.503278688524592
27.508196721311474
27.503278688524592
27.5
27.491803278688526
27.508196721311474
27.508196721311474
27.508196721311474
27.51311475409836
27.49344262295082
27.501639344262294
27.49672131147541
27.49344262295082
27.491803278688526
27.49344262295082
27.5
27.495081967213114
\
27.503278688524592
27.483606557377048
27.5
27.516393442622952
27.5
27.491803278688526
27.491803278688526
27.49344262295082
27.5
27.49672131147541
27.49344262295082
27.495081967213114
27.491803278688526
27.5
27.5
27.503278688524592
27.5
27.49344262295082
27.49344262295082
27.49344262295082
27.49344262295082
27.491803278688526
27.49344262295082
27.5
27.49344262295082
\
27.508196721311474
27.490163934426228
27.503278688524592
27.516393442622952
27.495081967213114
27.491803278688526
27.49344262295082
27.49672131147541
27.49672131147541
27.49672131147541
27.49344262295082
27.501639344262294
27.490163934426228
27.501639344262294
27.501639344262294
27.508196721311474
27.508196721311474
27.495081967213114
27.501639344262294
27.5
27.49672131147541
27.49344262295082
27.503278688524592
27.49672131147541
27.503278688524592
\
27.501639344262294
27.48688524590164
27.501639344262294
27.51311475409836
27.495081967213114
27.491803278688526
27.501639344262294
27.501639344262294
27.5
27.49672131147541
27.495081967213114
27.508196721311474
27.49344262295082
27.5
27.501639344262294
27.508196721311474
27.503278688524592
27.49672131147541
27.501639344262294
27.49672131147541
27.495081967213114
27.5
27.49672131147541
27.503278688524592
27.501639344262294
\
27.508196721311474
27.48688524590164
27.49672131147541
27.51967213114754
27.49672131147541
27.49344262295082
27.491803278688526
27.495081967213114
27.495081967213114
27.49672131147541
27.49344262295082
27.501639344262294
27.491803278688526
27.501639344262294
27.5
27.501639344262294
27.508196721311474
27.49672131147541
27.5
27.495081967213114
27.5
27.495081967213114
27.49672131147541
27.5
27.495081967213114
\
27.501639344262294
27.483606557377048
27.49672131147541
27.51967213114754
27.501639344262294
27.491803278688526
27.49672131147541
27.49672131147541
27.503278688524592
27.49672131147541
27.49344262295082
27.501639344262294
27.491803278688526
27.508196721311474
27.508196721311474
27.508196721311474
27.503278688524592
27.491803278688526
27.5
27.5
27.49344262295082
27.508196721311474
27.501639344262294
27.501639344262294
27.49672131147541
\
27.509836065573772
27.485245901639345
27.49344262295082
27.516393442622952
27.5
27.491803278688526
27.49672131147541
27.495081967213114
27.501639344262294
27.5
27.49672131147541
27.508196721311474
27.49344262295082
27.508196721311474
27.5
27.508196721311474
27.509836065573772
27.508196721311474
27.508196721311474
27.508196721311474
27.5
27.5
27.5
27.508196721311474
27.501639344262294
\
27.516393442622952
27.490163934426228
27.49672131147541
27.508196721311474
27.501639344262294
27.491803278688526
27.49344262295082
27.495081967213114
27.49672131147541
27.508196721311474
27.508196721311474
27.509836065573772
27.49672131147541
27.508196721311474
27.508196721311474
27.508196721311474
27.508196721311474
27.5
27.501639344262294
27.5
27.5
27.508196721311474
27.5
27.508196721311474
27.503278688524592
\
27.516393442622952
27.491803278688526
27.495081967213114
27.509836065573772
27.501639344262294
27.490163934426228
27.49672131147541
27.49672131147541
27.508196721311474
27.508196721311474
27.509836065573772
27.51967213114754
27.508196721311474
27.508196721311474
27.508196721311474
27.508196721311474
27.509836065573772
27.508196721311474
27.508196721311474
27.508196721311474
27.495081967213114
27.503278688524592
27.503278688524592
27.508196721311474
27.503278688524592
\
27.509836065573772
27.49344262295082
27.495081967213114
27.516393442622952
27.508196721311474
27.49672131147541
27.49672131147541
27.49672131147541
27.508196721311474
27.509836065573772
27.51311475409836
27.521311475409835
27.508196721311474
27.516393442622952
27.508196721311474
27.508196721311474
27.509836065573772
27.508196721311474
27.501639344262294
27.508196721311474
27.501639344262294
27.495081967213114
27.5
27.501639344262294
27.503278688524592
\
27.508196721311474
27.490163934426228
27.49672131147541
27.51967213114754
27.508196721311474
27.49672131147541
27.509836065573772
27.5
27.508196721311474
27.509836065573772
27.51311475409836
27.524590163934427
27.516393442622952
27.516393442622952
27.508196721311474
27.509836065573772
27.509836065573772
27.508196721311474
27.508196721311474
27.5
27.501639344262294
27.51311475409836
27.508196721311474
27.508196721311474
27.503278688524592
\
