26.477049180327867
26.478688524590165
26.478688524590165
26.48032786885246
26.478688524590165
26.481967213114753
26.478688524590165
26.481967213114753
26.478688524590165
26.481967213114753
26.481967213114753
26.481967213114753
26.481967213114753
26.481967213114753
26.488524590163934
26.481967213114753
26.488524590163934
26.481967213114753
26.488524590163934
26.490163934426228
26.490163934426228
\
26.475409836065573
26.477049180327867
26.477049180327867
26.478688524590165
26.478688524590165
26.481967213114753
26.477049180327867
26.48032786885246
26.48032786885246
26.478688524590165
26.478688524590165
26.478688524590165
26.478688524590165
26.48032786885246
26.481967213114753
26.481967213114753
26.481967213114753
26.478688524590165
26.48032786885246
26.481967213114753
26.491803278688526
\
26.481967213114753
26.481967213114753
26.488524590163934
26.490163934426228
26.481967213114753
26.490163934426228
26.478688524590165
26.481967213114753
26.488524590163934
26.490163934426228
26.488524590163934
26.488524590163934
26.488524590163934
26.490163934426228
26.488524590163934
26.490163934426228
26.488524590163934
26.481967213114753
26.488524590163934
26.491803278688526
26.495081967213114
\
26.488524590163934
26.490163934426228
26.49344262295082
26.491803278688526
26.488524590163934
26.491803278688526
26.490163934426228
26.491803278688526
26.490163934426228
26.491803278688526
26.490163934426228
26.490163934426228
26.490163934426228
26.488524590163934
26.49344262295082
26.491803278688526
26.490163934426228
26.488524590163934
26.490163934426228
26.491803278688526
26.495081967213114
\
26.491803278688526
26.488524590163934
26.490163934426228
26.481967213114753
26.488524590163934
26.491803278688526
26.491803278688526
26.495081967213114
26.490163934426228
26.49344262295082
26.491803278688526
26.491803278688526
26.488524590163934
26.488524590163934
26.488524590163934
26.481967213114753
26.488524590163934
26.488524590163934
26.481967213114753
26.488524590163934
26.488524590163934
26.488524590163934
26.490163934426228
26.49344262295082
26.49344262295082
\
26.495081967213114
26.495081967213114
26.495081967213114
26.491803278688526
26.49344262295082
26.49344262295082
26.495081967213114
26.495081967213114
26.495081967213114
26.498360655737706
26.495081967213114
26.495081967213114
26.491803278688526
26.488524590163934
26.491803278688526
26.490163934426228
26.490163934426228
26.490163934426228
26.491803278688526
26.491803278688526
26.491803278688526
26.491803278688526
26.495081967213114
26.495081967213114
26.498360655737706
\
26.498360655737706
26.495081967213114
26.495081967213114
26.490163934426228
26.49344262295082
26.49344262295082
26.49344262295082
26.49344262295082
26.49344262295082
26.495081967213114
26.495081967213114
26.495081967213114
26.49344262295082
26.491803278688526
26.490163934426228
26.491803278688526
26.488524590163934
26.491803278688526
26.491803278688526
26.491803278688526
26.491803278688526
26.491803278688526
26.49344262295082
26.495081967213114
26.495081967213114
\
26.498360655737706
26.495081967213114
26.495081967213114
26.490163934426228
26.49344262295082
26.49344262295082
26.491803278688526
26.49344262295082
26.491803278688526
26.495081967213114
26.49344262295082
26.49344262295082
26.495081967213114
26.49344262295082
26.491803278688526
26.491803278688526
26.491803278688526
26.491803278688526
26.491803278688526
26.490163934426228
26.491803278688526
26.491803278688526
26.495081967213114
26.495081967213114
26.498360655737706
\
26.498360655737706
26.495081967213114
26.49344262295082
26.491803278688526
26.495081967213114
26.49344262295082
26.491803278688526
26.49344262295082
26.49344262295082
26.495081967213114
26.495081967213114
26.49344262295082
26.49344262295082
26.495081967213114
26.491803278688526
26.49344262295082
26.490163934426228
26.488524590163934
26.491803278688526
26.490163934426228
26.491803278688526
26.491803278688526
26.495081967213114
26.495081967213114
26.498360655737706
\
26.498360655737706
26.495081967213114
26.495081967213114
26.491803278688526
26.495081967213114
26.49344262295082
26.49344262295082
26.49344262295082
26.49344262295082
26.495081967213114
26.49344262295082
26.49344262295082
26.488524590163934
26.491803278688526
26.490163934426228
26.490163934426228
26.488524590163934
26.488524590163934
26.491803278688526
26.490163934426228
26.491803278688526
26.491803278688526
26.495081967213114
26.495081967213114
26.503278688524592
\
26.495081967213114
26.49344262295082
26.49344262295082
26.488524590163934
26.49344262295082
26.49344262295082
26.49344262295082
26.49344262295082
26.49344262295082
26.495081967213114
26.495081967213114
26.491803278688526
26.481967213114753
26.488524590163934
26.488524590163934
26.490163934426228
26.490163934426228
26.488524590163934
26.491803278688526
26.491803278688526
26.491803278688526
26.490163934426228
26.49344262295082
26.495081967213114
26.498360655737706
\
26.495081967213114
26.495081967213114
26.495081967213114
26.491803278688526
26.49344262295082
26.49344262295082
26.495081967213114
26.495081967213114
26.495081967213114
26.498360655737706
26.495081967213114
26.49344262295082
26.488524590163934
26.490163934426228
26.490163934426228
26.491803278688526
26.491803278688526
26.488524590163934
26.491803278688526
26.490163934426228
26.491803278688526
26.491803278688526
26.495081967213114
26.495081967213114
26.498360655737706
\
26.495081967213114
26.495081967213114
26.495081967213114
26.491803278688526
26.49344262295082
26.495081967213114
26.495081967213114
26.495081967213114
26.495081967213114
26.498360655737706
26.498360655737706
26.498360655737706
26.491803278688526
26.49344262295082
26.491803278688526
26.49344262295082
26.495081967213114
26.491803278688526
26.49344262295082
26.495081967213114
26.49344262295082
26.491803278688526
26.495081967213114
26.495081967213114
26.498360655737706
\
26.49344262295082
26.49344262295082
26.490163934426228
26.490163934426228
26.491803278688526
26.49344262295082
26.49344262295082
26.49344262295082
26.491803278688526
26.495081967213114
26.495081967213114
26.498360655737706
26.491803278688526
26.49344262295082
26.495081967213114
26.495081967213114
26.495081967213114
26.491803278688526
26.495081967213114
26.49344262295082
26.495081967213114
26.49344262295082
26.495081967213114
26.498360655737706
26.498360655737706
\
26.49344262295082
26.491803278688526
26.488524590163934
26.488524590163934
26.491803278688526
26.491803278688526
26.49344262295082
26.495081967213114
26.490163934426228
26.49344262295082
26.49344262295082
26.495081967213114
26.491803278688526
26.495081967213114
26.495081967213114
26.49344262295082
26.495081967213114
26.49344262295082
26.495081967213114
26.495081967213114
26.49344262295082
26.49344262295082
26.495081967213114
26.501639344262294
26.503278688524592
\
26.481967213114753
26.481967213114753
26.481967213114753
26.488524590163934
26.488524590163934
26.488524590163934
26.488524590163934
26.490163934426228
26.488524590163934
26.491803278688526
26.490163934426228
26.491803278688526
26.488524590163934
26.491803278688526
26.490163934426228
26.491803278688526
26.491803278688526
26.491803278688526
26.491803278688526
26.49344262295082
26.490163934426228
26.491803278688526
26.495081967213114
26.498360655737706
26.501639344262294
\
