25.016393442622952
25.016393442622952
25.022950819672133
25.049180327868854
25.01311475409836
25.029508196721313
25.01311475409836
25.00655737704918
25.016393442622952
25.022950819672133
25.022950819672133
25.01311475409836
25.00655737704918
25.01311475409836
25.01311475409836
25.016393442622952
25.0
25.01311475409836
25.009836065573772
25.009836065573772
25.009836065573772
\
25.00655737704918
25.009836065573772
25.0
25.01311475409836
24.99344262295082
25.00655737704918
25.0
24.990163934426228
25.00327868852459
25.00655737704918
25.009836065573772
24.99344262295082
24.983606557377048
24.99672131147541
24.99672131147541
24.99672131147541
24.990163934426228
24.99672131147541
24.99672131147541
24.990163934426228
24.99344262295082
\
25.009836065573772
25.00327868852459
25.00327868852459
25.016393442622952
25.00327868852459
25.01311475409836
25.00655737704918
24.99672131147541
25.00655737704918
25.009836065573772
25.00655737704918
24.99672131147541
24.99344262295082
24.99672131147541
25.009836065573772
24.99672131147541
24.990163934426228
24.990163934426228
24.99344262295082
24.99672131147541
25.0
\
25.016393442622952
25.016393442622952
25.016393442622952
25.02622950819672
25.01311475409836
25.02622950819672
25.022950819672133
25.00655737704918
25.01311475409836
25.016393442622952
25.016393442622952
25.009836065573772
25.0
25.0
25.01311475409836
25.00655737704918
24.99672131147541
25.0
24.99672131147541
25.0
25.0
\
25.01967213114754
25.01311475409836
25.02622950819672
25.022950819672133
25.016393442622952
25.016393442622952
25.016393442622952
25.022950819672133
25.01311475409836
25.022950819672133
25.022950819672133
25.009836065573772
25.01311475409836
25.009836065573772
25.01311475409836
24.99672131147541
24.99672131147541
24.990163934426228
25.009836065573772
25.0
24.990163934426228
25.0
24.98688524590164
24.99344262295082
25.0
\
25.01967213114754
25.01311475409836
25.029508196721313
25.022950819672133
25.01967213114754
25.022950819672133
25.022950819672133
25.0327868852459
25.009836065573772
25.01967213114754
25.022950819672133
25.00655737704918
25.01311475409836
25.01311475409836
25.016393442622952
24.99672131147541
24.99344262295082
24.98688524590164
25.009836065573772
25.00327868852459
24.990163934426228
24.99344262295082
24.99344262295082
24.990163934426228
25.00327868852459
\
25.022950819672133
25.01311475409836
25.0327868852459
25.022950819672133
25.022950819672133
25.029508196721313
25.01967213114754
25.022950819672133
25.01311475409836
25.022950819672133
25.016393442622952
25.00655737704918
25.01967213114754
25.01311475409836
25.016393442622952
24.99672131147541
24.990163934426228
24.99672131147541
25.00655737704918
25.00327868852459
24.990163934426228
24.99672131147541
24.99672131147541
24.99344262295082
24.99672131147541
\
25.029508196721313
25.009836065573772
25.029508196721313
25.02622950819672
25.016393442622952
25.036065573770493
25.022950819672133
25.0327868852459
25.022950819672133
25.01967213114754
25.01311475409836
25.01311475409836
25.022950819672133
25.01967213114754
25.01967213114754
24.99672131147541
24.99344262295082
24.99672131147541
25.01311475409836
25.00655737704918
25.0
25.00655737704918
25.0
24.99672131147541
25.0
\
25.022950819672133
25.009836065573772
25.0327868852459
25.01967213114754
25.022950819672133
25.022950819672133
25.022950819672133
25.03934426229508
25.022950819672133
25.016393442622952
25.01311475409836
25.01311475409836
25.01967213114754
25.01311475409836
25.022950819672133
24.99672131147541
24.99672131147541
24.99672131147541
25.0
25.00655737704918
24.98688524590164
25.00655737704918
24.99672131147541
24.990163934426228
24.99672131147541
\
25.022950819672133
25.01311475409836
25.029508196721313
25.022950819672133
25.016393442622952
25.029508196721313
25.02622950819672
25.036065573770493
25.022950819672133
25.01967213114754
25.016393442622952
25.009836065573772
25.016393442622952
25.009836065573772
25.016393442622952
24.99672131147541
24.99672131147541
24.990163934426228
25.0
24.99672131147541
24.98688524590164
25.00655737704918
24.99344262295082
24.99672131147541
24.99672131147541
\
25.02622950819672
25.01311475409836
25.029508196721313
25.02622950819672
25.022950819672133
25.029508196721313
25.022950819672133
25.029508196721313
25.009836065573772
25.02622950819672
25.01967213114754
25.016393442622952
25.009836065573772
25.00655737704918
25.01967213114754
25.0
24.99672131147541
24.99672131147541
24.99672131147541
25.0
24.990163934426228
25.00327868852459
25.0
24.99344262295082
24.99672131147541
\
25.022950819672133
25.016393442622952
25.036065573770493
25.022950819672133
25.016393442622952
25.029508196721313
25.0327868852459
25.03934426229508
25.016393442622952
25.029508196721313
25.029508196721313
25.016393442622952
25.016393442622952
25.016393442622952
25.022950819672133
25.00327868852459
24.99344262295082
24.99344262295082
25.009836065573772
25.00327868852459
24.99672131147541
25.00327868852459
24.99672131147541
25.0
25.0
\
25.022950819672133
25.01311475409836
25.022950819672133
25.02622950819672
25.016393442622952
25.029508196721313
25.016393442622952
25.02622950819672
25.016393442622952
25.02622950819672
25.01967213114754
25.01311475409836
25.022950819672133
25.029508196721313
25.0327868852459
25.01311475409836
25.0
24.99672131147541
25.00327868852459
25.0
24.990163934426228
25.00327868852459
25.0
25.0
25.0
\
25.009836065573772
24.99672131147541
25.016393442622952
25.009836065573772
25.016393442622952
25.01311475409836
25.00655737704918
25.01311475409836
25.00327868852459
25.016393442622952
25.00655737704918
25.009836065573772
25.01967213114754
25.02622950819672
25.052459016393442
25.01967213114754
25.00655737704918
24.99672131147541
25.01311475409836
25.00327868852459
24.99672131147541
25.009836065573772
25.0
24.99672131147541
24.99672131147541
\
25.009836065573772
25.0
25.01311475409836
25.01311475409836
25.009836065573772
25.01311475409836
25.0
25.00655737704918
25.0
25.00655737704918
25.009836065573772
25.00327868852459
25.009836065573772
25.016393442622952
25.029508196721313
25.01311475409836
25.0
24.99672131147541
25.00655737704918
25.01311475409836
24.990163934426228
25.009836065573772
24.99672131147541
24.99672131147541
25.0
\
25.00327868852459
24.99672131147541
25.016393442622952
25.016393442622952
25.016393442622952
25.009836065573772
24.99344262295082
25.009836065573772
24.99672131147541
25.009836065573772
25.00327868852459
25.00327868852459
25.016393442622952
25.03934426229508
25.052459016393442
25.0327868852459
25.016393442622952
25.01311475409836
25.00327868852459
25.00655737704918
24.990163934426228
25.009836065573772
25.0
25.00327868852459
25.00327868852459
\
