25.518032786885247
25.521311475409835
25.51967213114754
25.524590163934427
25.516393442622952
25.514754098360655
25.514754098360655
25.51311475409836
25.514754098360655
25.516393442622952
25.518032786885247
25.51311475409836
25.514754098360655
25.514754098360655
25.514754098360655
25.51311475409836
25.516393442622952
25.516393442622952
25.514754098360655
25.527868852459015
25.514754098360655
\
25.514754098360655
25.516393442622952
25.51311475409836
25.51311475409836
25.514754098360655
25.51311475409836
25.51311475409836
25.50655737704918
25.509836065573772
25.51311475409836
25.516393442622952
25.509836065573772
25.504918032786886
25.50655737704918
25.51311475409836
25.509836065573772
25.514754098360655
25.509836065573772
25.509836065573772
25.51967213114754
25.504918032786886
\
25.516393442622952
25.514754098360655
25.514754098360655
25.516393442622952
25.514754098360655
25.511475409836066
25.509836065573772
25.504918032786886
25.503278688524592
25.51311475409836
25.51311475409836
25.504918032786886
25.508196721311474
25.508196721311474
25.50655737704918
25.50655737704918
25.51311475409836
25.509836065573772
25.509836065573772
25.51311475409836
25.504918032786886
\
25.524590163934427
25.518032786885247
25.518032786885247
25.516393442622952
25.51967213114754
25.514754098360655
25.516393442622952
25.509836065573772
25.511475409836066
25.514754098360655
25.51311475409836
25.504918032786886
25.508196721311474
25.508196721311474
25.509836065573772
25.511475409836066
25.51311475409836
25.511475409836066
25.504918032786886
25.516393442622952
25.504918032786886
\
25.514754098360655
25.514754098360655
25.524590163934427
25.527868852459015
25.516393442622952
25.516393442622952
25.521311475409835
25.52622950819672
25.524590163934427
25.516393442622952
25.514754098360655
25.511475409836066
25.51311475409836
25.516393442622952
25.514754098360655
25.511475409836066
25.509836065573772
25.51311475409836
25.508196721311474
25.511475409836066
25.518032786885247
25.50655737704918
25.509836065573772
25.52622950819672
25.509836065573772
\
25.51967213114754
25.52622950819672
25.527868852459015
25.536065573770493
25.527868852459015
25.537704918032787
25.536065573770493
25.527868852459015
25.524590163934427
25.51967213114754
25.516393442622952
25.516393442622952
25.514754098360655
25.524590163934427
25.521311475409835
25.514754098360655
25.51311475409836
25.516393442622952
25.51967213114754
25.514754098360655
25.527868852459015
25.51311475409836
25.51311475409836
25.527868852459015
25.511475409836066
\
25.527868852459015
25.518032786885247
25.536065573770493
25.527868852459015
25.527868852459015
25.527868852459015
25.527868852459015
25.527868852459015
25.52622950819672
25.516393442622952
25.521311475409835
25.514754098360655
25.518032786885247
25.536065573770493
25.527868852459015
25.514754098360655
25.51311475409836
25.516393442622952
25.516393442622952
25.51311475409836
25.524590163934427
25.514754098360655
25.51311475409836
25.518032786885247
25.509836065573772
\
25.536065573770493
25.527868852459015
25.536065573770493
25.5327868852459
25.5327868852459
25.537704918032787
25.536065573770493
25.527868852459015
25.527868852459015
25.52622950819672
25.524590163934427
25.518032786885247
25.52622950819672
25.5327868852459
25.524590163934427
25.51967213114754
25.516393442622952
25.516393442622952
25.521311475409835
25.511475409836066
25.52622950819672
25.514754098360655
25.51311475409836
25.518032786885247
25.511475409836066
\
25.536065573770493
25.527868852459015
25.537704918032787
25.536065573770493
25.536065573770493
25.537704918032787
25.536065573770493
25.537704918032787
25.536065573770493
25.518032786885247
25.524590163934427
25.524590163934427
25.527868852459015
25.527868852459015
25.527868852459015
25.518032786885247
25.516393442622952
25.514754098360655
25.514754098360655
25.514754098360655
25.527868852459015
25.51311475409836
25.514754098360655
25.524590163934427
25.511475409836066
\
25.536065573770493
25.527868852459015
25.537704918032787
25.536065573770493
25.53934426229508
25.537704918032787
25.537704918032787
25.537704918032787
25.536065573770493
25.52622950819672
25.527868852459015
25.527868852459015
25.518032786885247
25.527868852459015
25.527868852459015
25.524590163934427
25.516393442622952
25.514754098360655
25.514754098360655
25.514754098360655
25.536065573770493
25.514754098360655
25.514754098360655
25.527868852459015
25.51311475409836
\
25.537704918032787
25.521311475409835
25.536065573770493
25.527868852459015
25.527868852459015
25.536065573770493
25.536065573770493
25.5327868852459
25.524590163934427
25.516393442622952
25.527868852459015
25.52622950819672
25.511475409836066
25.516393442622952
25.527868852459015
25.518032786885247
25.51311475409836
25.518032786885247
25.518032786885247
25.51311475409836
25.527868852459015
25.514754098360655
25.514754098360655
25.516393442622952
25.504918032786886
\
25.527868852459015
25.527868852459015
25.527868852459015
25.527868852459015
25.527868852459015
25.536065573770493
25.527868852459015
25.527868852459015
25.52622950819672
25.51967213114754
25.52622950819672
25.51967213114754
25.514754098360655
25.516393442622952
25.527868852459015
25.516393442622952
25.516393442622952
25.518032786885247
25.518032786885247
25.514754098360655
25.524590163934427
25.51311475409836
25.511475409836066
25.521311475409835
25.504918032786886
\
25.536065573770493
25.52622950819672
25.536065573770493
25.53934426229508
25.527868852459015
25.536065573770493
25.527868852459015
25.527868852459015
25.521311475409835
25.52622950819672
25.527868852459015
25.516393442622952
25.52622950819672
25.527868852459015
25.527868852459015
25.524590163934427
25.516393442622952
25.524590163934427
25.516393442622952
25.518032786885247
25.524590163934427
25.511475409836066
25.514754098360655
25.524590163934427
25.509836065573772
\
25.524590163934427
25.518032786885247
25.52622950819672
25.527868852459015
25.527868852459015
25.527868852459015
25.521311475409835
25.527868852459015
25.527868852459015
25.524590163934427
25.527868852459015
25.51967213114754
25.524590163934427
25.527868852459015
25.527868852459015
25.524590163934427
25.521311475409835
25.516393442622952
25.514754098360655
25.514754098360655
25.516393442622952
25.508196721311474
25.511475409836066
25.521311475409835
25.508196721311474
\
25.527868852459015
25.51967213114754
25.524590163934427
25.527868852459015
25.5327868852459
25.536065573770493
25.52622950819672
25.537704918032787
25.524590163934427
25.527868852459015
25.527868852459015
25.521311475409835
25.524590163934427
25.527868852459015
25.52622950819672
25.51967213114754
25.516393442622952
25.51311475409836
25.514754098360655
25.514754098360655
25.514754098360655
25.509836065573772
25.504918032786886
25.524590163934427
25.509836065573772
\
25.518032786885247
25.514754098360655
25.51967213114754
25.521311475409835
25.527868852459015
25.527868852459015
25.524590163934427
25.5327868852459
25.518032786885247
25.51967213114754
25.524590163934427
25.518032786885247
25.518032786885247
25.524590163934427
25.518032786885247
25.514754098360655
25.509836065573772
25.509836065573772
25.514754098360655
25.509836065573772
25.514754098360655
25.504918032786886
25.508196721311474
25.527868852459015
25.514754098360655
\
