25.518032786885247
25.524590163934427
25.527868852459015
25.524590163934427
25.527868852459015
25.501639344262294
25.490163934426228
25.475409836065573
25.442622950819672
25.477049180327867
25.501639344262294
25.514754098360655
25.518032786885247
25.522950819672133
25.524590163934427
25.518032786885247
25.514754098360655
25.514754098360655
25.514754098360655
25.518032786885247
25.514754098360655
\
25.504918032786886
25.511475409836066
25.524590163934427
25.524590163934427
25.524590163934427
25.504918032786886
25.501639344262294
25.490163934426228
25.48032786885246
25.490163934426228
25.501639344262294
25.51311475409836
25.514754098360655
25.518032786885247
25.511475409836066
25.508196721311474
25.504918032786886
25.504918032786886
25.504918032786886
25.504918032786886
25.501639344262294
\
25.501639344262294
25.504918032786886
25.518032786885247
25.518032786885247
25.522950819672133
25.518032786885247
25.509836065573772
25.504918032786886
25.501639344262294
25.501639344262294
25.504918032786886
25.504918032786886
25.504918032786886
25.514754098360655
25.504918032786886
25.501639344262294
25.504918032786886
25.501639344262294
25.498360655737706
25.498360655737706
25.498360655737706
\
25.504918032786886
25.504918032786886
25.514754098360655
25.518032786885247
25.518032786885247
25.514754098360655
25.514754098360655
25.504918032786886
25.511475409836066
25.504918032786886
25.504918032786886
25.504918032786886
25.508196721311474
25.514754098360655
25.511475409836066
25.501639344262294
25.501639344262294
25.504918032786886
25.501639344262294
25.501639344262294
25.501639344262294
\
25.521311475409835
25.511475409836066
25.511475409836066
25.504918032786886
25.501639344262294
25.504918032786886
25.518032786885247
25.514754098360655
25.518032786885247
25.514754098360655
25.511475409836066
25.504918032786886
25.504918032786886
25.504918032786886
25.508196721311474
25.504918032786886
25.504918032786886
25.508196721311474
25.511475409836066
25.501639344262294
25.504918032786886
25.501639344262294
25.498360655737706
25.498360655737706
25.495081967213114
\
25.522950819672133
25.511475409836066
25.514754098360655
25.504918032786886
25.501639344262294
25.504918032786886
25.514754098360655
25.511475409836066
25.514754098360655
25.514754098360655
25.514754098360655
25.504918032786886
25.504918032786886
25.501639344262294
25.504918032786886
25.501639344262294
25.504918032786886
25.504918032786886
25.511475409836066
25.504918032786886
25.504918032786886
25.504918032786886
25.495081967213114
25.498360655737706
25.501639344262294
\
25.524590163934427
25.511475409836066
25.511475409836066
25.504918032786886
25.504918032786886
25.504918032786886
25.511475409836066
25.514754098360655
25.514754098360655
25.511475409836066
25.511475409836066
25.501639344262294
25.504918032786886
25.501639344262294
25.501639344262294
25.498360655737706
25.501639344262294
25.504918032786886
25.501639344262294
25.504918032786886
25.504918032786886
25.504918032786886
25.495081967213114
25.498360655737706
25.498360655737706
\
25.522950819672133
25.514754098360655
25.511475409836066
25.504918032786886
25.504918032786886
25.508196721311474
25.514754098360655
25.514754098360655
25.514754098360655
25.51311475409836
25.504918032786886
25.501639344262294
25.504918032786886
25.498360655737706
25.498360655737706
25.498360655737706
25.501639344262294
25.504918032786886
25.504918032786886
25.501639344262294
25.501639344262294
25.501639344262294
25.498360655737706
25.501639344262294
25.501639344262294
\
25.522950819672133
25.51311475409836
25.514754098360655
25.504918032786886
25.501639344262294
25.504918032786886
25.514754098360655
25.514754098360655
25.51311475409836
25.504918032786886
25.51311475409836
25.501639344262294
25.504918032786886
25.501639344262294
25.501639344262294
25.501639344262294
25.501639344262294
25.504918032786886
25.504918032786886
25.501639344262294
25.504918032786886
25.504918032786886
25.501639344262294
25.501639344262294
25.501639344262294
\
25.514754098360655
25.514754098360655
25.514754098360655
25.504918032786886
25.504918032786886
25.504918032786886
25.518032786885247
25.51311475409836
25.514754098360655
25.51311475409836
25.524590163934427
25.511475409836066
25.504918032786886
25.501639344262294
25.501639344262294
25.501639344262294
25.504918032786886
25.504918032786886
25.504918032786886
25.501639344262294
25.501639344262294
25.508196721311474
25.501639344262294
25.501639344262294
25.498360655737706
\
25.518032786885247
25.511475409836066
25.511475409836066
25.501639344262294
25.501639344262294
25.504918032786886
25.514754098360655
25.514754098360655
25.521311475409835
25.522950819672133
25.522950819672133
25.514754098360655
25.501639344262294
25.498360655737706
25.498360655737706
25.498360655737706
25.501639344262294
25.504918032786886
25.501639344262294
25.504918032786886
25.504918032786886
25.504918032786886
25.501639344262294
25.498360655737706
25.501639344262294
\
25.518032786885247
25.514754098360655
25.514754098360655
25.501639344262294
25.501639344262294
25.504918032786886
25.518032786885247
25.518032786885247
25.524590163934427
25.524590163934427
25.536065573770493
25.51311475409836
25.509836065573772
25.501639344262294
25.501639344262294
25.501639344262294
25.501639344262294
25.504918032786886
25.504918032786886
25.511475409836066
25.504918032786886
25.51311475409836
25.501639344262294
25.504918032786886
25.501639344262294
\
25.518032786885247
25.514754098360655
25.514754098360655
25.501639344262294
25.501639344262294
25.504918032786886
25.514754098360655
25.518032786885247
25.524590163934427
25.534426229508195
25.529508196721313
25.514754098360655
25.514754098360655
25.504918032786886
25.504918032786886
25.504918032786886
25.501639344262294
25.504918032786886
25.504918032786886
25.514754098360655
25.504918032786886
25.51311475409836
25.504918032786886
25.501639344262294
25.501639344262294
\
25.518032786885247
25.514754098360655
25.511475409836066
25.501639344262294
25.501639344262294
25.508196721311474
25.518032786885247
25.524590163934427
25.527868852459015
25.524590163934427
25.524590163934427
25.524590163934427
25.524590163934427
25.518032786885247
25.522950819672133
25.514754098360655
25.514754098360655
25.514754098360655
25.508196721311474
25.511475409836066
25.508196721311474
25.511475409836066
25.504918032786886
25.508196721311474
25.504918032786886
\
25.522950819672133
25.514754098360655
25.518032786885247
25.501639344262294
25.508196721311474
25.514754098360655
25.524590163934427
25.524590163934427
25.527868852459015
25.534426229508195
25.534426229508195
25.522950819672133
25.524590163934427
25.524590163934427
25.524590163934427
25.524590163934427
25.524590163934427
25.522950819672133
25.514754098360655
25.514754098360655
25.511475409836066
25.511475409836066
25.504918032786886
25.508196721311474
25.504918032786886
\
25.504918032786886
25.495081967213114
25.514754098360655
25.501639344262294
25.511475409836066
25.514754098360655
25.524590163934427
25.524590163934427
25.529508196721313
25.531147540983607
25.531147540983607
25.524590163934427
25.524590163934427
25.524590163934427
25.524590163934427
25.522950819672133
25.518032786885247
25.522950819672133
25.514754098360655
25.51311475409836
25.514754098360655
25.514754098360655
25.504918032786886
25.508196721311474
25.508196721311474
\
