25.072131147540983
25.072131147540983
25.095081967213115
25.111475409836064
25.091803278688523
25.095081967213115
25.078688524590163
25.072131147540983
25.088524590163935
25.095081967213115
25.081967213114755
25.081967213114755
25.078688524590163
25.091803278688523
25.104918032786884
25.095081967213115
25.065573770491802
25.088524590163935
25.095081967213115
25.091803278688523
25.095081967213115
\
25.055737704918034
25.055737704918034
25.065573770491802
25.075409836065575
25.068852459016394
25.062295081967214
25.062295081967214
25.062295081967214
25.078688524590163
25.088524590163935
25.055737704918034
25.065573770491802
25.062295081967214
25.062295081967214
25.068852459016394
25.078688524590163
25.055737704918034
25.055737704918034
25.072131147540983
25.081967213114755
25.081967213114755
\
25.062295081967214
25.055737704918034
25.062295081967214
25.078688524590163
25.065573770491802
25.068852459016394
25.059016393442622
25.062295081967214
25.091803278688523
25.091803278688523
25.055737704918034
25.062295081967214
25.081967213114755
25.078688524590163
25.078688524590163
25.075409836065575
25.055737704918034
25.055737704918034
25.062295081967214
25.068852459016394
25.068852459016394
\
25.068852459016394
25.059016393442622
25.062295081967214
25.091803278688523
25.068852459016394
25.072131147540983
25.072131147540983
25.065573770491802
25.075409836065575
25.068852459016394
25.062295081967214
25.062295081967214
25.072131147540983
25.072131147540983
25.081967213114755
25.081967213114755
25.062295081967214
25.059016393442622
25.062295081967214
25.068852459016394
25.078688524590163
\
25.072131147540983
25.062295081967214
25.072131147540983
25.068852459016394
25.068852459016394
25.055737704918034
25.072131147540983
25.095081967213115
25.059016393442622
25.081967213114755
25.068852459016394
25.059016393442622
25.065573770491802
25.062295081967214
25.062295081967214
25.062295081967214
25.072131147540983
25.062295081967214
25.065573770491802
25.075409836065575
25.062295081967214
25.062295081967214
25.065573770491802
25.072131147540983
25.078688524590163
\
25.078688524590163
25.068852459016394
25.065573770491802
25.068852459016394
25.068852459016394
25.065573770491802
25.088524590163935
25.091803278688523
25.062295081967214
25.068852459016394
25.072131147540983
25.062295081967214
25.065573770491802
25.059016393442622
25.055737704918034
25.062295081967214
25.065573770491802
25.059016393442622
25.068852459016394
25.065573770491802
25.055737704918034
25.062295081967214
25.062295081967214
25.062295081967214
25.088524590163935
\
25.068852459016394
25.072131147540983
25.059016393442622
25.068852459016394
25.075409836065575
25.065573770491802
25.078688524590163
25.081967213114755
25.062295081967214
25.062295081967214
25.065573770491802
25.062295081967214
25.072131147540983
25.062295081967214
25.055737704918034
25.062295081967214
25.062295081967214
25.062295081967214
25.068852459016394
25.075409836065575
25.055737704918034
25.055737704918034
25.062295081967214
25.059016393442622
25.068852459016394
\
25.081967213114755
25.059016393442622
25.055737704918034
25.065573770491802
25.068852459016394
25.062295081967214
25.078688524590163
25.088524590163935
25.075409836065575
25.072131147540983
25.068852459016394
25.055737704918034
25.062295081967214
25.072131147540983
25.055737704918034
25.04590163934426
25.055737704918034
25.055737704918034
25.078688524590163
25.068852459016394
25.059016393442622
25.062295081967214
25.059016393442622
25.062295081967214
25.065573770491802
\
25.081967213114755
25.068852459016394
25.065573770491802
25.072131147540983
25.068852459016394
25.068852459016394
25.091803278688523
25.095081967213115
25.078688524590163
25.065573770491802
25.065573770491802
25.068852459016394
25.072131147540983
25.068852459016394
25.055737704918034
25.065573770491802
25.059016393442622
25.055737704918034
25.068852459016394
25.078688524590163
25.04590163934426
25.068852459016394
25.062295081967214
25.062295081967214
25.068852459016394
\
25.068852459016394
25.065573770491802
25.068852459016394
25.068852459016394
25.078688524590163
25.062295081967214
25.091803278688523
25.095081967213115
25.078688524590163
25.068852459016394
25.068852459016394
25.068852459016394
25.055737704918034
25.062295081967214
25.059016393442622
25.062295081967214
25.062295081967214
25.055737704918034
25.062295081967214
25.062295081967214
25.036065573770493
25.062295081967214
25.055737704918034
25.068852459016394
25.065573770491802
\
25.081967213114755
25.062295081967214
25.068852459016394
25.068852459016394
25.065573770491802
25.068852459016394
25.081967213114755
25.091803278688523
25.068852459016394
25.068852459016394
25.078688524590163
25.078688524590163
25.059016393442622
25.059016393442622
25.062295081967214
25.055737704918034
25.065573770491802
25.052459016393442
25.059016393442622
25.055737704918034
25.042622950819673
25.065573770491802
25.059016393442622
25.062295081967214
25.068852459016394
\
25.078688524590163
25.065573770491802
25.062295081967214
25.068852459016394
25.068852459016394
25.059016393442622
25.075409836065575
25.091803278688523
25.068852459016394
25.068852459016394
25.072131147540983
25.068852459016394
25.062295081967214
25.059016393442622
25.062295081967214
25.062295081967214
25.055737704918034
25.059016393442622
25.065573770491802
25.062295081967214
25.042622950819673
25.065573770491802
25.062295081967214
25.062295081967214
25.068852459016394
\
25.088524590163935
25.055737704918034
25.065573770491802
25.068852459016394
25.072131147540983
25.072131147540983
25.078688524590163
25.081967213114755
25.075409836065575
25.081967213114755
25.081967213114755
25.081967213114755
25.091803278688523
25.081967213114755
25.078688524590163
25.081967213114755
25.078688524590163
25.062295081967214
25.072131147540983
25.068852459016394
25.055737704918034
25.068852459016394
25.081967213114755
25.072131147540983
25.091803278688523
\
25.062295081967214
25.055737704918034
25.055737704918034
25.062295081967214
25.062295081967214
25.062295081967214
25.068852459016394
25.072131147540983
25.062295081967214
25.072131147540983
25.068852459016394
25.068852459016394
25.081967213114755
25.075409836065575
25.078688524590163
25.091803278688523
25.081967213114755
25.062295081967214
25.068852459016394
25.068852459016394
25.055737704918034
25.068852459016394
25.088524590163935
25.081967213114755
25.088524590163935
\
25.065573770491802
25.055737704918034
25.062295081967214
25.072131147540983
25.065573770491802
25.068852459016394
25.065573770491802
25.081967213114755
25.065573770491802
25.068852459016394
25.062295081967214
25.065573770491802
25.068852459016394
25.072131147540983
25.072131147540983
25.072131147540983
25.068852459016394
25.068852459016394
25.081967213114755
25.075409836065575
25.065573770491802
25.072131147540983
25.081967213114755
25.088524590163935
25.104918032786884
\
25.111475409836064
25.0327868852459
25.055737704918034
25.055737704918034
25.059016393442622
25.059016393442622
25.068852459016394
25.081967213114755
25.062295081967214
25.062295081967214
25.055737704918034
25.062295081967214
25.062295081967214
25.068852459016394
25.104918032786884
25.091803278688523
25.095081967213115
25.078688524590163
25.078688524590163
25.068852459016394
25.062295081967214
25.078688524590163
25.068852459016394
25.088524590163935
25.075409836065575
\
