25.516393442622952
25.508196721311474
25.514754098360655
25.514754098360655
25.51311475409836
25.508196721311474
25.51311475409836
25.51311475409836
25.514754098360655
25.51311475409836
25.521311475409835
25.51311475409836
25.508196721311474
25.508196721311474
25.508196721311474
25.51311475409836
25.504918032786886
25.51311475409836
25.508196721311474
25.51311475409836
25.51311475409836
\
25.51311475409836
25.508196721311474
25.508196721311474
25.508196721311474
25.508196721311474
25.50655737704918
25.508196721311474
25.51311475409836
25.51311475409836
25.508196721311474
25.516393442622952
25.508196721311474
25.501639344262294
25.504918032786886
25.503278688524592
25.508196721311474
25.504918032786886
25.50655737704918
25.504918032786886
25.50655737704918
25.50655737704918
\
25.51311475409836
25.508196721311474
25.508196721311474
25.508196721311474
25.508196721311474
25.504918032786886
25.51311475409836
25.508196721311474
25.51311475409836
25.508196721311474
25.516393442622952
25.51311475409836
25.50655737704918
25.51311475409836
25.508196721311474
25.50655737704918
25.504918032786886
25.508196721311474
25.503278688524592
25.504918032786886
25.50655737704918
\
25.514754098360655
25.504918032786886
25.504918032786886
25.508196721311474
25.508196721311474
25.508196721311474
25.51311475409836
25.514754098360655
25.508196721311474
25.504918032786886
25.514754098360655
25.514754098360655
25.504918032786886
25.504918032786886
25.504918032786886
25.508196721311474
25.503278688524592
25.504918032786886
25.503278688524592
25.50655737704918
25.50655737704918
\
25.514754098360655
25.503278688524592
25.508196721311474
25.508196721311474
25.514754098360655
25.508196721311474
25.51311475409836
25.514754098360655
25.508196721311474
25.51311475409836
25.51311475409836
25.51311475409836
25.514754098360655
25.508196721311474
25.514754098360655
25.518032786885247
25.504918032786886
25.508196721311474
25.508196721311474
25.51311475409836
25.50655737704918
25.508196721311474
25.504918032786886
25.508196721311474
25.508196721311474
\
25.51311475409836
25.503278688524592
25.514754098360655
25.508196721311474
25.516393442622952
25.516393442622952
25.514754098360655
25.51311475409836
25.51311475409836
25.508196721311474
25.51311475409836
25.51311475409836
25.51311475409836
25.508196721311474
25.514754098360655
25.514754098360655
25.504918032786886
25.508196721311474
25.508196721311474
25.51311475409836
25.508196721311474
25.508196721311474
25.504918032786886
25.508196721311474
25.51311475409836
\
25.514754098360655
25.504918032786886
25.51311475409836
25.508196721311474
25.514754098360655
25.516393442622952
25.516393442622952
25.514754098360655
25.51311475409836
25.508196721311474
25.51311475409836
25.508196721311474
25.516393442622952
25.514754098360655
25.514754098360655
25.516393442622952
25.504918032786886
25.508196721311474
25.504918032786886
25.508196721311474
25.504918032786886
25.50655737704918
25.50655737704918
25.508196721311474
25.504918032786886
\
25.514754098360655
25.508196721311474
25.514754098360655
25.514754098360655
25.521311475409835
25.529508196721313
25.531147540983607
25.514754098360655
25.514754098360655
25.508196721311474
25.516393442622952
25.514754098360655
25.521311475409835
25.516393442622952
25.518032786885247
25.524590163934427
25.508196721311474
25.508196721311474
25.508196721311474
25.508196721311474
25.508196721311474
25.51311475409836
25.51311475409836
25.51311475409836
25.508196721311474
\
25.518032786885247
25.508196721311474
25.514754098360655
25.51311475409836
25.518032786885247
25.51967213114754
25.531147540983607
25.521311475409835
25.516393442622952
25.508196721311474
25.514754098360655
25.518032786885247
25.524590163934427
25.516393442622952
25.518032786885247
25.521311475409835
25.504918032786886
25.508196721311474
25.508196721311474
25.51311475409836
25.508196721311474
25.508196721311474
25.508196721311474
25.508196721311474
25.504918032786886
\
25.514754098360655
25.50655737704918
25.516393442622952
25.514754098360655
25.51967213114754
25.518032786885247
25.531147540983607
25.518032786885247
25.514754098360655
25.508196721311474
25.514754098360655
25.516393442622952
25.516393442622952
25.51311475409836
25.531147540983607
25.516393442622952
25.503278688524592
25.504918032786886
25.50655737704918
25.508196721311474
25.508196721311474
25.508196721311474
25.508196721311474
25.514754098360655
25.503278688524592
\
25.521311475409835
25.508196721311474
25.518032786885247
25.508196721311474
25.516393442622952
25.514754098360655
25.51967213114754
25.514754098360655
25.508196721311474
25.51311475409836
25.518032786885247
25.521311475409835
25.514754098360655
25.508196721311474
25.5327868852459
25.516393442622952
25.50655737704918
25.508196721311474
25.508196721311474
25.508196721311474
25.504918032786886
25.50655737704918
25.508196721311474
25.508196721311474
25.50655737704918
\
25.521311475409835
25.51311475409836
25.514754098360655
25.51311475409836
25.521311475409835
25.518032786885247
25.518032786885247
25.516393442622952
25.514754098360655
25.514754098360655
25.516393442622952
25.514754098360655
25.516393442622952
25.51311475409836
25.51967213114754
25.516393442622952
25.503278688524592
25.51311475409836
25.51311475409836
25.51311475409836
25.50655737704918
25.504918032786886
25.508196721311474
25.508196721311474
25.508196721311474
\
25.514754098360655
25.508196721311474
25.518032786885247
25.514754098360655
25.518032786885247
25.514754098360655
25.516393442622952
25.514754098360655
25.51311475409836
25.516393442622952
25.508196721311474
25.514754098360655
25.518032786885247
25.516393442622952
25.529508196721313
25.518032786885247
25.501639344262294
25.508196721311474
25.504918032786886
25.51311475409836
25.504918032786886
25.508196721311474
25.50655737704918
25.508196721311474
25.508196721311474
\
25.51311475409836
25.503278688524592
25.51311475409836
25.51311475409836
25.514754098360655
25.514754098360655
25.514754098360655
25.514754098360655
25.51311475409836
25.514754098360655
25.524590163934427
25.51311475409836
25.518032786885247
25.514754098360655
25.531147540983607
25.514754098360655
25.50655737704918
25.51311475409836
25.50655737704918
25.508196721311474
25.514754098360655
25.51311475409836
25.508196721311474
25.508196721311474
25.503278688524592
\
25.51311475409836
25.503278688524592
25.508196721311474
25.504918032786886
25.51311475409836
25.514754098360655
25.516393442622952
25.518032786885247
25.514754098360655
25.516393442622952
25.518032786885247
25.508196721311474
25.516393442622952
25.51311475409836
25.514754098360655
25.516393442622952
25.503278688524592
25.508196721311474
25.501639344262294
25.508196721311474
25.51311475409836
25.508196721311474
25.508196721311474
25.508196721311474
25.508196721311474
\
25.504918032786886
25.501639344262294
25.508196721311474
25.504918032786886
25.514754098360655
25.508196721311474
25.516393442622952
25.516393442622952
25.508196721311474
25.508196721311474
25.508196721311474
25.50655737704918
25.51311475409836
25.51311475409836
25.514754098360655
25.508196721311474
25.503278688524592
25.504918032786886
25.501639344262294
25.504918032786886
25.504918032786886
25.504918032786886
25.504918032786886
25.508196721311474
25.504918032786886
\
