25.504918032786886
25.508196721311474
25.51311475409836
25.514754098360655
25.51311475409836
25.501639344262294
25.481967213114753
25.447540983606558
25.437704918032786
25.444262295081966
25.49344262295082
25.504918032786886
25.501639344262294
25.508196721311474
25.508196721311474
25.508196721311474
25.514754098360655
25.508196721311474
25.498360655737706
25.504918032786886
25.498360655737706
\
25.495081967213114
25.495081967213114
25.508196721311474
25.51311475409836
25.504918032786886
25.504918032786886
25.488524590163934
25.478688524590165
25.450819672131146
25.48032786885246
25.491803278688526
25.501639344262294
25.498360655737706
25.504918032786886
25.498360655737706
25.498360655737706
25.504918032786886
25.49344262295082
25.490163934426228
25.498360655737706
25.490163934426228
\
25.490163934426228
25.491803278688526
25.504918032786886
25.51311475409836
25.504918032786886
25.51311475409836
25.495081967213114
25.49344262295082
25.491803278688526
25.490163934426228
25.495081967213114
25.495081967213114
25.49344262295082
25.495081967213114
25.49344262295082
25.490163934426228
25.501639344262294
25.49344262295082
25.490163934426228
25.490163934426228
25.488524590163934
\
25.491803278688526
25.490163934426228
25.504918032786886
25.508196721311474
25.504918032786886
25.514754098360655
25.504918032786886
25.504918032786886
25.501639344262294
25.495081967213114
25.498360655737706
25.501639344262294
25.495081967213114
25.498360655737706
25.498360655737706
25.491803278688526
25.5
25.498360655737706
25.490163934426228
25.491803278688526
25.495081967213114
\
25.516393442622952
25.51311475409836
25.504918032786886
25.501639344262294
25.495081967213114
25.491803278688526
25.504918032786886
25.508196721311474
25.508196721311474
25.51311475409836
25.504918032786886
25.504918032786886
25.501639344262294
25.491803278688526
25.5
25.501639344262294
25.491803278688526
25.495081967213114
25.5
25.491803278688526
25.5
25.491803278688526
25.48688524590164
25.490163934426228
25.490163934426228
\
25.51967213114754
25.508196721311474
25.508196721311474
25.501639344262294
25.495081967213114
25.495081967213114
25.504918032786886
25.508196721311474
25.51311475409836
25.51311475409836
25.504918032786886
25.501639344262294
25.498360655737706
25.491803278688526
25.495081967213114
25.495081967213114
25.491803278688526
25.495081967213114
25.498360655737706
25.491803278688526
25.504918032786886
25.495081967213114
25.488524590163934
25.490163934426228
25.488524590163934
\
25.524590163934427
25.51311475409836
25.514754098360655
25.501639344262294
25.501639344262294
25.495081967213114
25.504918032786886
25.51311475409836
25.508196721311474
25.514754098360655
25.504918032786886
25.5
25.498360655737706
25.495081967213114
25.5
25.498360655737706
25.490163934426228
25.501639344262294
25.5
25.495081967213114
25.508196721311474
25.495081967213114
25.491803278688526
25.488524590163934
25.490163934426228
\
25.527868852459015
25.508196721311474
25.514754098360655
25.508196721311474
25.501639344262294
25.5
25.504918032786886
25.51311475409836
25.508196721311474
25.514754098360655
25.501639344262294
25.498360655737706
25.5
25.491803278688526
25.495081967213114
25.498360655737706
25.491803278688526
25.498360655737706
25.501639344262294
25.491803278688526
25.508196721311474
25.495081967213114
25.49344262295082
25.491803278688526
25.491803278688526
\
25.521311475409835
25.508196721311474
25.516393442622952
25.508196721311474
25.501639344262294
25.501639344262294
25.508196721311474
25.514754098360655
25.504918032786886
25.51311475409836
25.504918032786886
25.5
25.501639344262294
25.495081967213114
25.5
25.498360655737706
25.490163934426228
25.495081967213114
25.5
25.495081967213114
25.504918032786886
25.495081967213114
25.490163934426228
25.495081967213114
25.49344262295082
\
25.524590163934427
25.516393442622952
25.51311475409836
25.51311475409836
25.501639344262294
25.501639344262294
25.51311475409836
25.51311475409836
25.508196721311474
25.518032786885247
25.516393442622952
25.508196721311474
25.504918032786886
25.498360655737706
25.498360655737706
25.501639344262294
25.498360655737706
25.495081967213114
25.498360655737706
25.495081967213114
25.504918032786886
25.5
25.491803278688526
25.495081967213114
25.491803278688526
\
25.52622950819672
25.514754098360655
25.51311475409836
25.508196721311474
25.504918032786886
25.501639344262294
25.514754098360655
25.51311475409836
25.516393442622952
25.529508196721313
25.51967213114754
25.51311475409836
25.504918032786886
25.495081967213114
25.498360655737706
25.501639344262294
25.495081967213114
25.5
25.498360655737706
25.495081967213114
25.508196721311474
25.504918032786886
25.491803278688526
25.490163934426228
25.491803278688526
\
25.527868852459015
25.516393442622952
25.514754098360655
25.504918032786886
25.498360655737706
25.501639344262294
25.514754098360655
25.518032786885247
25.524590163934427
25.531147540983607
25.521311475409835
25.51311475409836
25.504918032786886
25.498360655737706
25.495081967213114
25.501639344262294
25.495081967213114
25.5
25.501639344262294
25.495081967213114
25.51311475409836
25.504918032786886
25.495081967213114
25.495081967213114
25.495081967213114
\
25.529508196721313
25.516393442622952
25.51311475409836
25.501639344262294
25.501639344262294
25.495081967213114
25.508196721311474
25.516393442622952
25.518032786885247
25.537704918032787
25.518032786885247
25.516393442622952
25.508196721311474
25.504918032786886
25.495081967213114
25.501639344262294
25.495081967213114
25.498360655737706
25.495081967213114
25.501639344262294
25.508196721311474
25.504918032786886
25.491803278688526
25.495081967213114
25.49344262295082
\
25.529508196721313
25.516393442622952
25.51311475409836
25.504918032786886
25.501639344262294
25.5
25.514754098360655
25.527868852459015
25.52622950819672
25.5327868852459
25.524590163934427
25.52622950819672
25.527868852459015
25.518032786885247
25.521311475409835
25.516393442622952
25.508196721311474
25.504918032786886
25.501639344262294
25.501639344262294
25.514754098360655
25.504918032786886
25.5
25.501639344262294
25.491803278688526
\
25.527868852459015
25.514754098360655
25.514754098360655
25.508196721311474
25.504918032786886
25.504918032786886
25.508196721311474
25.518032786885247
25.516393442622952
25.534426229508195
25.51967213114754
25.518032786885247
25.521311475409835
25.516393442622952
25.524590163934427
25.516393442622952
25.51311475409836
25.51311475409836
25.501639344262294
25.498360655737706
25.51311475409836
25.501639344262294
25.498360655737706
25.501639344262294
25.495081967213114
\
25.52622950819672
25.501639344262294
25.51311475409836
25.504918032786886
25.504918032786886
25.501639344262294
25.514754098360655
25.524590163934427
25.516393442622952
25.531147540983607
25.521311475409835
25.51967213114754
25.51967213114754
25.516393442622952
25.518032786885247
25.516393442622952
25.508196721311474
25.51311475409836
25.501639344262294
25.5
25.508196721311474
25.501639344262294
25.498360655737706
25.501639344262294
25.495081967213114
\
