25.111475409836064
25.118032786885244
25.108196721311476
25.104918032786884
25.098360655737704
25.108196721311476
25.118032786885244
25.104918032786884
25.118032786885244
25.108196721311476
25.124590163934425
25.118032786885244
25.111475409836064
25.134426229508197
25.118032786885244
25.072131147540983
25.072131147540983
25.078688524590163
25.065573770491802
25.072131147540983
25.052459016393442
\
25.078688524590163
25.091803278688523
25.101639344262296
25.085245901639343
25.078688524590163
25.085245901639343
25.104918032786884
25.091803278688523
25.085245901639343
25.078688524590163
25.111475409836064
25.108196721311476
25.108196721311476
25.118032786885244
25.059016393442622
25.036065573770493
25.036065573770493
25.052459016393442
25.049180327868854
25.052459016393442
25.00327868852459
\
25.078688524590163
25.104918032786884
25.108196721311476
25.108196721311476
25.108196721311476
25.118032786885244
25.124590163934425
25.108196721311476
25.108196721311476
25.085245901639343
25.108196721311476
25.085245901639343
25.098360655737704
25.104918032786884
25.078688524590163
25.072131147540983
25.065573770491802
25.065573770491802
25.065573770491802
25.065573770491802
25.068852459016394
\
25.088524590163935
25.091803278688523
25.124590163934425
25.131147540983605
25.118032786885244
25.118032786885244
25.118032786885244
25.098360655737704
25.078688524590163
25.078688524590163
25.078688524590163
25.065573770491802
25.068852459016394
25.078688524590163
25.072131147540983
25.068852459016394
25.072131147540983
25.068852459016394
25.068852459016394
25.065573770491802
25.065573770491802
\
25.078688524590163
25.078688524590163
25.091803278688523
25.085245901639343
25.091803278688523
25.108196721311476
25.124590163934425
25.101639344262296
25.085245901639343
25.088524590163935
25.085245901639343
25.078688524590163
25.091803278688523
25.072131147540983
25.088524590163935
25.072131147540983
25.065573770491802
25.072131147540983
25.065573770491802
25.065573770491802
25.065573770491802
25.065573770491802
25.078688524590163
25.065573770491802
25.065573770491802
\
25.065573770491802
25.065573770491802
25.098360655737704
25.104918032786884
25.091803278688523
25.088524590163935
25.111475409836064
25.108196721311476
25.098360655737704
25.098360655737704
25.091803278688523
25.078688524590163
25.072131147540983
25.072131147540983
25.085245901639343
25.068852459016394
25.065573770491802
25.065573770491802
25.072131147540983
25.072131147540983
25.068852459016394
25.065573770491802
25.065573770491802
25.072131147540983
25.065573770491802
\
25.065573770491802
25.068852459016394
25.091803278688523
25.088524590163935
25.088524590163935
25.091803278688523
25.101639344262296
25.104918032786884
25.078688524590163
25.078688524590163
25.072131147540983
25.072131147540983
25.085245901639343
25.072131147540983
25.078688524590163
25.065573770491802
25.059016393442622
25.059016393442622
25.065573770491802
25.065573770491802
25.059016393442622
25.052459016393442
25.065573770491802
25.065573770491802
25.068852459016394
\
25.072131147540983
25.065573770491802
25.098360655737704
25.091803278688523
25.104918032786884
25.085245901639343
25.104918032786884
25.091803278688523
25.078688524590163
25.085245901639343
25.088524590163935
25.078688524590163
25.078688524590163
25.072131147540983
25.078688524590163
25.065573770491802
25.065573770491802
25.065573770491802
25.068852459016394
25.065573770491802
25.065573770491802
25.049180327868854
25.068852459016394
25.068852459016394
25.065573770491802
\
25.059016393442622
25.065573770491802
25.072131147540983
25.072131147540983
25.078688524590163
25.078688524590163
25.091803278688523
25.078688524590163
25.072131147540983
25.068852459016394
25.078688524590163
25.065573770491802
25.059016393442622
25.065573770491802
25.072131147540983
25.059016393442622
25.052459016393442
25.065573770491802
25.065573770491802
25.059016393442622
25.036065573770493
25.049180327868854
25.059016393442622
25.052459016393442
25.052459016393442
\
25.065573770491802
25.068852459016394
25.072131147540983
25.072131147540983
25.078688524590163
25.072131147540983
25.104918032786884
25.078688524590163
25.072131147540983
25.072131147540983
25.072131147540983
25.059016393442622
25.04590163934426
25.059016393442622
25.072131147540983
25.059016393442622
25.059016393442622
25.065573770491802
25.068852459016394
25.059016393442622
25.052459016393442
25.042622950819673
25.059016393442622
25.04590163934426
25.052459016393442
\
25.065573770491802
25.065573770491802
25.068852459016394
25.068852459016394
25.078688524590163
25.068852459016394
25.091803278688523
25.078688524590163
25.078688524590163
25.072131147540983
25.065573770491802
25.065573770491802
25.052459016393442
25.049180327868854
25.065573770491802
25.049180327868854
25.065573770491802
25.072131147540983
25.065573770491802
25.04590163934426
25.04590163934426
25.036065573770493
25.042622950819673
25.04590163934426
25.036065573770493
\
25.065573770491802
25.065573770491802
25.072131147540983
25.065573770491802
25.068852459016394
25.065573770491802
25.098360655737704
25.078688524590163
25.072131147540983
25.078688524590163
25.072131147540983
25.065573770491802
25.052459016393442
25.049180327868854
25.065573770491802
25.052459016393442
25.059016393442622
25.072131147540983
25.078688524590163
25.065573770491802
25.052459016393442
25.059016393442622
25.059016393442622
25.052459016393442
25.04590163934426
\
25.049180327868854
25.03934426229508
25.059016393442622
25.065573770491802
25.065573770491802
25.052459016393442
25.068852459016394
25.065573770491802
25.065573770491802
25.072131147540983
25.072131147540983
25.04590163934426
25.04590163934426
25.04590163934426
25.059016393442622
25.03934426229508
25.052459016393442
25.065573770491802
25.065573770491802
25.052459016393442
25.042622950819673
25.03934426229508
25.042622950819673
25.036065573770493
25.0327868852459
\
25.068852459016394
25.065573770491802
25.065573770491802
25.068852459016394
25.078688524590163
25.072131147540983
25.078688524590163
25.078688524590163
25.072131147540983
25.078688524590163
25.088524590163935
25.072131147540983
25.059016393442622
25.059016393442622
25.065573770491802
25.065573770491802
25.059016393442622
25.072131147540983
25.072131147540983
25.059016393442622
25.052459016393442
25.036065573770493
25.059016393442622
25.065573770491802
25.052459016393442
\
25.068852459016394
25.065573770491802
25.078688524590163
25.078688524590163
25.085245901639343
25.078688524590163
25.091803278688523
25.085245901639343
25.072131147540983
25.088524590163935
25.098360655737704
25.072131147540983
25.072131147540983
25.065573770491802
25.078688524590163
25.068852459016394
25.072131147540983
25.072131147540983
25.072131147540983
25.065573770491802
25.049180327868854
25.052459016393442
25.065573770491802
25.059016393442622
25.052459016393442
\
25.065573770491802
25.072131147540983
25.088524590163935
25.078688524590163
25.078688524590163
25.072131147540983
25.088524590163935
25.078688524590163
25.072131147540983
25.078688524590163
25.098360655737704
25.085245901639343
25.072131147540983
25.072131147540983
25.085245901639343
25.065573770491802
25.065573770491802
25.065573770491802
25.072131147540983
25.059016393442622
25.04590163934426
25.065573770491802
25.065573770491802
25.065573770491802
25.059016393442622
\
