25.022950819672133
25.0327868852459
25.02622950819672
25.022950819672133
25.029508196721313
25.055737704918034
25.029508196721313
25.0327868852459
25.055737704918034
25.01967213114754
25.029508196721313
25.03934426229508
25.022950819672133
25.02622950819672
25.029508196721313
25.029508196721313
25.022950819672133
25.042622950819673
25.0327868852459
25.022950819672133
25.022950819672133
\
25.009836065573772
25.01967213114754
25.01967213114754
25.009836065573772
25.016393442622952
25.022950819672133
25.016393442622952
25.02622950819672
25.0327868852459
24.99672131147541
25.022950819672133
25.022950819672133
25.009836065573772
25.02622950819672
25.02622950819672
25.016393442622952
25.009836065573772
25.02622950819672
25.01311475409836
25.00327868852459
25.016393442622952
\
25.01311475409836
25.01311475409836
25.016393442622952
25.009836065573772
25.022950819672133
25.029508196721313
25.029508196721313
25.029508196721313
25.03934426229508
25.00655737704918
25.029508196721313
25.02622950819672
25.01311475409836
25.022950819672133
25.0327868852459
25.016393442622952
25.01311475409836
25.029508196721313
25.01311475409836
25.009836065573772
25.01311475409836
\
25.016393442622952
25.022950819672133
25.01967213114754
25.00327868852459
25.022950819672133
25.02622950819672
25.022950819672133
25.016393442622952
25.0327868852459
25.009836065573772
25.022950819672133
25.016393442622952
25.01311475409836
25.029508196721313
25.0327868852459
25.0327868852459
25.009836065573772
25.0327868852459
25.01311475409836
25.0
25.009836065573772
\
25.02622950819672
25.016393442622952
25.022950819672133
25.02622950819672
25.02622950819672
25.029508196721313
25.02622950819672
25.01967213114754
25.029508196721313
25.02622950819672
25.022950819672133
25.02622950819672
25.042622950819673
25.01311475409836
25.02622950819672
25.022950819672133
25.01967213114754
25.03934426229508
25.02622950819672
25.016393442622952
25.016393442622952
25.022950819672133
25.016393442622952
25.009836065573772
25.016393442622952
\
25.016393442622952
25.03934426229508
25.029508196721313
25.029508196721313
25.022950819672133
25.0327868852459
25.016393442622952
25.01967213114754
25.029508196721313
25.0327868852459
25.042622950819673
25.02622950819672
25.0327868852459
25.01311475409836
25.029508196721313
25.029508196721313
25.01311475409836
25.0327868852459
25.022950819672133
25.01311475409836
25.009836065573772
25.042622950819673
25.029508196721313
25.01311475409836
25.016393442622952
\
25.022950819672133
25.0327868852459
25.03934426229508
25.0327868852459
25.022950819672133
25.03934426229508
25.042622950819673
25.022950819672133
25.029508196721313
25.0327868852459
25.0327868852459
25.029508196721313
25.042622950819673
25.016393442622952
25.0327868852459
25.02622950819672
25.02622950819672
25.029508196721313
25.029508196721313
25.01967213114754
25.016393442622952
25.04590163934426
25.029508196721313
25.009836065573772
25.016393442622952
\
25.02622950819672
25.029508196721313
25.029508196721313
25.029508196721313
25.029508196721313
25.016393442622952
25.029508196721313
25.02622950819672
25.0327868852459
25.029508196721313
25.042622950819673
25.02622950819672
25.042622950819673
25.00327868852459
25.062295081967214
25.03934426229508
25.022950819672133
25.029508196721313
25.02622950819672
25.022950819672133
25.01311475409836
25.0327868852459
25.022950819672133
25.016393442622952
25.022950819672133
\
25.029508196721313
25.029508196721313
25.029508196721313
25.029508196721313
25.02622950819672
25.029508196721313
25.0327868852459
25.016393442622952
25.042622950819673
25.042622950819673
25.042622950819673
25.029508196721313
25.055737704918034
25.022950819672133
25.055737704918034
25.049180327868854
25.029508196721313
25.055737704918034
25.029508196721313
25.02622950819672
25.022950819672133
25.062295081967214
25.02622950819672
25.016393442622952
25.029508196721313
\
25.022950819672133
25.029508196721313
25.02622950819672
25.029508196721313
25.01967213114754
25.022950819672133
25.029508196721313
25.016393442622952
25.016393442622952
25.029508196721313
25.029508196721313
25.029508196721313
25.042622950819673
25.01311475409836
25.029508196721313
25.042622950819673
25.029508196721313
25.016393442622952
25.029508196721313
25.009836065573772
25.029508196721313
25.0327868852459
25.022950819672133
25.009836065573772
25.01311475409836
\
25.029508196721313
25.029508196721313
25.029508196721313
25.0327868852459
25.03934426229508
25.03934426229508
25.029508196721313
25.01311475409836
25.0327868852459
25.055737704918034
25.055737704918034
25.04590163934426
25.055737704918034
25.01311475409836
25.055737704918034
25.055737704918034
25.029508196721313
25.0327868852459
25.03934426229508
25.029508196721313
25.029508196721313
25.042622950819673
25.029508196721313
25.01311475409836
25.01967213114754
\
25.029508196721313
25.055737704918034
25.029508196721313
25.03934426229508
25.029508196721313
25.0327868852459
25.029508196721313
25.02622950819672
25.029508196721313
25.049180327868854
25.03934426229508
25.042622950819673
25.055737704918034
25.01311475409836
25.042622950819673
25.042622950819673
25.029508196721313
25.0327868852459
25.042622950819673
25.02622950819672
25.02622950819672
25.03934426229508
25.042622950819673
25.02622950819672
25.029508196721313
\
25.029508196721313
25.03934426229508
25.03934426229508
25.029508196721313
25.029508196721313
25.0327868852459
25.029508196721313
25.029508196721313
25.029508196721313
25.055737704918034
25.03934426229508
25.042622950819673
25.062295081967214
25.016393442622952
25.055737704918034
25.042622950819673
25.029508196721313
25.0327868852459
25.0327868852459
25.022950819672133
25.03934426229508
25.029508196721313
25.029508196721313
25.01967213114754
25.009836065573772
\
25.042622950819673
25.049180327868854
25.029508196721313
25.0327868852459
25.029508196721313
25.02622950819672
25.029508196721313
25.029508196721313
25.029508196721313
25.03934426229508
25.0327868852459
25.03934426229508
25.04590163934426
25.016393442622952
25.0327868852459
25.02622950819672
25.016393442622952
25.016393442622952
25.0327868852459
25.01311475409836
25.022950819672133
25.042622950819673
25.029508196721313
25.01967213114754
25.022950819672133
\
25.029508196721313
25.0327868852459
25.029508196721313
25.03934426229508
25.029508196721313
25.029508196721313
25.016393442622952
25.00327868852459
25.029508196721313
25.0327868852459
25.042622950819673
25.03934426229508
25.062295081967214
25.01311475409836
25.0327868852459
25.02622950819672
25.01311475409836
25.016393442622952
25.02622950819672
25.009836065573772
25.016393442622952
25.01967213114754
25.016393442622952
25.00655737704918
25.00327868852459
\
25.016393442622952
25.029508196721313
25.022950819672133
25.022950819672133
25.016393442622952
25.029508196721313
25.022950819672133
25.01311475409836
25.016393442622952
25.022950819672133
25.02622950819672
25.029508196721313
25.029508196721313
25.009836065573772
25.022950819672133
25.009836065573772
25.009836065573772
25.029508196721313
25.02622950819672
25.009836065573772
25.01311475409836
25.022950819672133
25.009836065573772
25.00655737704918
24.99672131147541
\
