25.495081967213114
25.48688524590164
25.490163934426228
25.491803278688526
25.498360655737706
25.495081967213114
25.495081967213114
25.491803278688526
25.490163934426228
25.490163934426228
25.491803278688526
25.49344262295082
25.495081967213114
25.49344262295082
25.498360655737706
25.495081967213114
25.495081967213114
25.49344262295082
25.485245901639345
25.495081967213114
25.495081967213114
\
25.504918032786886
25.498360655737706
25.498360655737706
25.488524590163934
25.495081967213114
25.488524590163934
25.490163934426228
25.488524590163934
25.485245901639345
25.481967213114753
25.48688524590164
25.485245901639345
25.491803278688526
25.490163934426228
25.491803278688526
25.490163934426228
25.491803278688526
25.488524590163934
25.481967213114753
25.490163934426228
25.481967213114753
\
25.504918032786886
25.503278688524592
25.498360655737706
25.491803278688526
25.491803278688526
25.490163934426228
25.490163934426228
25.485245901639345
25.48688524590164
25.485245901639345
25.48688524590164
25.485245901639345
25.488524590163934
25.488524590163934
25.488524590163934
25.485245901639345
25.491803278688526
25.485245901639345
25.485245901639345
25.490163934426228
25.48688524590164
\
25.509836065573772
25.509836065573772
25.498360655737706
25.488524590163934
25.491803278688526
25.490163934426228
25.491803278688526
25.488524590163934
25.48688524590164
25.48688524590164
25.488524590163934
25.488524590163934
25.490163934426228
25.490163934426228
25.49672131147541
25.488524590163934
25.49344262295082
25.488524590163934
25.485245901639345
25.491803278688526
25.491803278688526
\
25.488524590163934
25.491803278688526
25.48688524590164
25.498360655737706
25.509836065573772
25.514754098360655
25.504918032786886
25.491803278688526
25.491803278688526
25.488524590163934
25.488524590163934
25.48688524590164
25.488524590163934
25.48688524590164
25.490163934426228
25.490163934426228
25.491803278688526
25.491803278688526
25.495081967213114
25.491803278688526
25.498360655737706
25.491803278688526
25.48688524590164
25.49344262295082
25.491803278688526
\
25.481967213114753
25.490163934426228
25.488524590163934
25.503278688524592
25.51311475409836
25.514754098360655
25.504918032786886
25.491803278688526
25.491803278688526
25.490163934426228
25.490163934426228
25.48688524590164
25.488524590163934
25.488524590163934
25.491803278688526
25.490163934426228
25.490163934426228
25.488524590163934
25.498360655737706
25.491803278688526
25.498360655737706
25.490163934426228
25.48688524590164
25.495081967213114
25.495081967213114
\
25.485245901639345
25.491803278688526
25.48688524590164
25.498360655737706
25.509836065573772
25.51311475409836
25.504918032786886
25.491803278688526
25.495081967213114
25.495081967213114
25.491803278688526
25.488524590163934
25.490163934426228
25.485245901639345
25.490163934426228
25.488524590163934
25.490163934426228
25.491803278688526
25.498360655737706
25.490163934426228
25.49672131147541
25.491803278688526
25.485245901639345
25.491803278688526
25.49672131147541
\
25.485245901639345
25.488524590163934
25.48688524590164
25.504918032786886
25.509836065573772
25.509836065573772
25.503278688524592
25.491803278688526
25.491803278688526
25.490163934426228
25.490163934426228
25.485245901639345
25.488524590163934
25.485245901639345
25.490163934426228
25.48688524590164
25.488524590163934
25.48688524590164
25.498360655737706
25.490163934426228
25.495081967213114
25.49344262295082
25.485245901639345
25.498360655737706
25.498360655737706
\
25.481967213114753
25.488524590163934
25.485245901639345
25.504918032786886
25.514754098360655
25.516393442622952
25.503278688524592
25.495081967213114
25.49344262295082
25.48688524590164
25.491803278688526
25.485245901639345
25.48688524590164
25.481967213114753
25.485245901639345
25.488524590163934
25.488524590163934
25.488524590163934
25.495081967213114
25.491803278688526
25.491803278688526
25.490163934426228
25.488524590163934
25.495081967213114
25.49672131147541
\
25.481967213114753
25.490163934426228
25.48688524590164
25.503278688524592
25.509836065573772
25.516393442622952
25.498360655737706
25.491803278688526
25.495081967213114
25.491803278688526
25.495081967213114
25.491803278688526
25.488524590163934
25.481967213114753
25.488524590163934
25.48688524590164
25.488524590163934
25.481967213114753
25.490163934426228
25.48688524590164
25.491803278688526
25.49344262295082
25.48688524590164
25.49344262295082
25.491803278688526
\
25.481967213114753
25.488524590163934
25.48688524590164
25.503278688524592
25.509836065573772
25.514754098360655
25.498360655737706
25.491803278688526
25.498360655737706
25.498360655737706
25.498360655737706
25.49344262295082
25.48688524590164
25.481967213114753
25.48688524590164
25.48688524590164
25.488524590163934
25.48688524590164
25.490163934426228
25.491803278688526
25.498360655737706
25.495081967213114
25.488524590163934
25.491803278688526
25.495081967213114
\
25.48688524590164
25.490163934426228
25.485245901639345
25.503278688524592
25.509836065573772
25.514754098360655
25.503278688524592
25.498360655737706
25.504918032786886
25.498360655737706
25.504918032786886
25.49344262295082
25.491803278688526
25.48688524590164
25.488524590163934
25.490163934426228
25.488524590163934
25.488524590163934
25.491803278688526
25.49672131147541
25.498360655737706
25.498360655737706
25.491803278688526
25.498360655737706
25.49344262295082
\
25.488524590163934
25.490163934426228
25.485245901639345
25.501639344262294
25.504918032786886
25.516393442622952
25.498360655737706
25.498360655737706
25.504918032786886
25.503278688524592
25.501639344262294
25.498360655737706
25.49672131147541
25.491803278688526
25.491803278688526
25.490163934426228
25.485245901639345
25.488524590163934
25.49344262295082
25.498360655737706
25.498360655737706
25.495081967213114
25.490163934426228
25.498360655737706
25.495081967213114
\
25.48688524590164
25.491803278688526
25.481967213114753
25.504918032786886
25.514754098360655
25.514754098360655
25.503278688524592
25.498360655737706
25.504918032786886
25.498360655737706
25.498360655737706
25.503278688524592
25.504918032786886
25.498360655737706
25.509836065573772
25.498360655737706
25.501639344262294
25.491803278688526
25.495081967213114
25.498360655737706
25.498360655737706
25.49672131147541
25.491803278688526
25.504918032786886
25.49344262295082
\
25.495081967213114
25.491803278688526
25.48688524590164
25.504918032786886
25.51311475409836
25.51311475409836
25.503278688524592
25.498360655737706
25.498360655737706
25.503278688524592
25.503278688524592
25.504918032786886
25.509836065573772
25.503278688524592
25.504918032786886
25.503278688524592
25.504918032786886
25.498360655737706
25.495081967213114
25.49344262295082
25.498360655737706
25.495081967213114
25.491803278688526
25.498360655737706
25.498360655737706
\
25.491803278688526
25.48688524590164
25.488524590163934
25.504918032786886
25.51311475409836
25.514754098360655
25.503278688524592
25.498360655737706
25.498360655737706
25.498360655737706
25.503278688524592
25.501639344262294
25.503278688524592
25.498360655737706
25.504918032786886
25.498360655737706
25.498360655737706
25.498360655737706
25.491803278688526
25.491803278688526
25.501639344262294
25.49672131147541
25.491803278688526
25.503278688524592
25.503278688524592
\
