25.134426229508197
25.121311475409836
25.134426229508197
25.121311475409836
25.134426229508197
25.147540983606557
25.140983606557377
25.134426229508197
25.144262295081965
25.144262295081965
25.144262295081965
25.140983606557377
25.140983606557377
25.147540983606557
25.140983606557377
25.147540983606557
25.121311475409836
25.140983606557377
25.121311475409836
25.131147540983605
25.134426229508197
\
25.114754098360656
25.095081967213115
25.114754098360656
25.111475409836064
25.095081967213115
25.131147540983605
25.114754098360656
25.111475409836064
25.121311475409836
25.118032786885244
25.131147540983605
25.118032786885244
25.121311475409836
25.134426229508197
25.121311475409836
25.140983606557377
25.111475409836064
25.118032786885244
25.111475409836064
25.114754098360656
25.118032786885244
\
25.118032786885244
25.111475409836064
25.114754098360656
25.114754098360656
25.108196721311476
25.118032786885244
25.118032786885244
25.095081967213115
25.121311475409836
25.118032786885244
25.121311475409836
25.131147540983605
25.134426229508197
25.144262295081965
25.134426229508197
25.134426229508197
25.114754098360656
25.118032786885244
25.118032786885244
25.111475409836064
25.121311475409836
\
25.121311475409836
25.111475409836064
25.114754098360656
25.114754098360656
25.111475409836064
25.134426229508197
25.134426229508197
25.118032786885244
25.121311475409836
25.134426229508197
25.134426229508197
25.121311475409836
25.140983606557377
25.144262295081965
25.121311475409836
25.121311475409836
25.111475409836064
25.134426229508197
25.121311475409836
25.111475409836064
25.118032786885244
\
25.118032786885244
25.114754098360656
25.114754098360656
25.121311475409836
25.118032786885244
25.118032786885244
25.118032786885244
25.114754098360656
25.121311475409836
25.15081967213115
25.144262295081965
25.131147540983605
25.131147540983605
25.118032786885244
25.121311475409836
25.118032786885244
25.131147540983605
25.144262295081965
25.134426229508197
25.121311475409836
25.114754098360656
25.134426229508197
25.121311475409836
25.118032786885244
25.140983606557377
\
25.118032786885244
25.114754098360656
25.114754098360656
25.131147540983605
25.131147540983605
25.118032786885244
25.134426229508197
25.134426229508197
25.140983606557377
25.15081967213115
25.134426229508197
25.121311475409836
25.118032786885244
25.118032786885244
25.118032786885244
25.118032786885244
25.131147540983605
25.140983606557377
25.144262295081965
25.134426229508197
25.114754098360656
25.140983606557377
25.134426229508197
25.121311475409836
25.134426229508197
\
25.121311475409836
25.118032786885244
25.131147540983605
25.134426229508197
25.121311475409836
25.131147540983605
25.134426229508197
25.144262295081965
25.134426229508197
25.15737704918033
25.144262295081965
25.134426229508197
25.134426229508197
25.118032786885244
25.121311475409836
25.118032786885244
25.140983606557377
25.16393442622951
25.134426229508197
25.134426229508197
25.114754098360656
25.134426229508197
25.134426229508197
25.121311475409836
25.140983606557377
\
25.134426229508197
25.118032786885244
25.114754098360656
25.134426229508197
25.121311475409836
25.118032786885244
25.131147540983605
25.134426229508197
25.131147540983605
25.147540983606557
25.147540983606557
25.121311475409836
25.134426229508197
25.118032786885244
25.114754098360656
25.134426229508197
25.147540983606557
25.15081967213115
25.144262295081965
25.134426229508197
25.114754098360656
25.144262295081965
25.140983606557377
25.121311475409836
25.144262295081965
\
25.121311475409836
25.118032786885244
25.118032786885244
25.118032786885244
25.134426229508197
25.118032786885244
25.134426229508197
25.134426229508197
25.118032786885244
25.134426229508197
25.118032786885244
25.114754098360656
25.134426229508197
25.114754098360656
25.118032786885244
25.118032786885244
25.140983606557377
25.144262295081965
25.140983606557377
25.134426229508197
25.108196721311476
25.134426229508197
25.134426229508197
25.134426229508197
25.15737704918033
\
25.134426229508197
25.118032786885244
25.121311475409836
25.118032786885244
25.134426229508197
25.118032786885244
25.140983606557377
25.121311475409836
25.118032786885244
25.121311475409836
25.121311475409836
25.118032786885244
25.121311475409836
25.114754098360656
25.118032786885244
25.121311475409836
25.147540983606557
25.15737704918033
25.140983606557377
25.131147540983605
25.108196721311476
25.134426229508197
25.144262295081965
25.134426229508197
25.144262295081965
\
25.134426229508197
25.134426229508197
25.134426229508197
25.134426229508197
25.134426229508197
25.118032786885244
25.134426229508197
25.118032786885244
25.131147540983605
25.140983606557377
25.134426229508197
25.134426229508197
25.121311475409836
25.114754098360656
25.114754098360656
25.134426229508197
25.147540983606557
25.15081967213115
25.134426229508197
25.121311475409836
25.114754098360656
25.144262295081965
25.15081967213115
25.134426229508197
25.15737704918033
\
25.144262295081965
25.147540983606557
25.134426229508197
25.131147540983605
25.144262295081965
25.134426229508197
25.144262295081965
25.134426229508197
25.134426229508197
25.147540983606557
25.140983606557377
25.131147540983605
25.121311475409836
25.118032786885244
25.121311475409836
25.118032786885244
25.144262295081965
25.147540983606557
25.144262295081965
25.134426229508197
25.118032786885244
25.144262295081965
25.144262295081965
25.144262295081965
25.15737704918033
\
25.15737704918033
25.15081967213115
25.134426229508197
25.140983606557377
25.134426229508197
25.134426229508197
25.144262295081965
25.144262295081965
25.134426229508197
25.15737704918033
25.144262295081965
25.134426229508197
25.144262295081965
25.140983606557377
25.121311475409836
25.134426229508197
25.15737704918033
25.147540983606557
25.144262295081965
25.147540983606557
25.118032786885244
25.147540983606557
25.140983606557377
25.140983606557377
25.144262295081965
\
25.18032786885246
25.15081967213115
25.144262295081965
25.144262295081965
25.140983606557377
25.134426229508197
25.144262295081965
25.15737704918033
25.140983606557377
25.16393442622951
25.15737704918033
25.140983606557377
25.147540983606557
25.140983606557377
25.144262295081965
25.134426229508197
25.147540983606557
25.15737704918033
25.144262295081965
25.15081967213115
25.118032786885244
25.147540983606557
25.140983606557377
25.144262295081965
25.15081967213115
\
25.18032786885246
25.16393442622951
25.16393442622951
25.16393442622951
25.16393442622951
25.144262295081965
25.144262295081965
25.16393442622951
25.15081967213115
25.15737704918033
25.16393442622951
25.15737704918033
25.16393442622951
25.15081967213115
25.144262295081965
25.147540983606557
25.15737704918033
25.15737704918033
25.140983606557377
25.15081967213115
25.134426229508197
25.15737704918033
25.144262295081965
25.144262295081965
25.147540983606557
\
25.18032786885246
25.16393442622951
25.160655737704918
25.16393442622951
25.147540983606557
25.140983606557377
25.147540983606557
25.147540983606557
25.134426229508197
25.15081967213115
25.15737704918033
25.16393442622951
25.15737704918033
25.16393442622951
25.147540983606557
25.15737704918033
25.144262295081965
25.15737704918033
25.144262295081965
25.144262295081965
25.121311475409836
25.134426229508197
25.144262295081965
25.140983606557377
25.140983606557377
\
