25.540983606557376
25.534426229508195
25.549180327868854
25.53934426229508
25.542622950819673
25.542622950819673
25.555737704918034
25.552459016393442
25.550819672131148
25.555737704918034
25.555737704918034
25.559016393442622
25.559016393442622
25.567213114754097
25.555737704918034
25.554098360655736
25.54590163934426
25.552459016393442
25.554098360655736
25.559016393442622
25.555737704918034
\
25.542622950819673
25.5327868852459
25.542622950819673
25.540983606557376
25.542622950819673
25.549180327868854
25.54590163934426
25.542622950819673
25.542622950819673
25.544262295081968
25.542622950819673
25.542622950819673
25.550819672131148
25.554098360655736
25.544262295081968
25.544262295081968
25.536065573770493
25.53934426229508
25.537704918032787
25.542622950819673
25.542622950819673
\
25.542622950819673
25.527868852459015
25.540983606557376
25.53934426229508
25.53934426229508
25.542622950819673
25.540983606557376
25.537704918032787
25.534426229508195
25.540983606557376
25.542622950819673
25.540983606557376
25.542622950819673
25.542622950819673
25.53934426229508
25.540983606557376
25.531147540983607
25.537704918032787
25.537704918032787
25.54590163934426
25.542622950819673
\
25.542622950819673
25.527868852459015
25.5327868852459
25.537704918032787
25.534426229508195
25.540983606557376
25.537704918032787
25.531147540983607
25.534426229508195
25.536065573770493
25.534426229508195
25.534426229508195
25.537704918032787
25.542622950819673
25.537704918032787
25.5327868852459
25.527868852459015
25.534426229508195
25.531147540983607
25.542622950819673
25.53934426229508
\
25.542622950819673
25.5327868852459
25.531147540983607
25.559016393442622
25.542622950819673
25.51967213114754
25.5327868852459
25.531147540983607
25.534426229508195
25.534426229508195
25.5327868852459
25.527868852459015
25.531147540983607
25.534426229508195
25.534426229508195
25.5327868852459
25.537704918032787
25.537704918032787
25.5327868852459
25.5327868852459
25.527868852459015
25.537704918032787
25.524590163934427
25.53934426229508
25.534426229508195
\
25.542622950819673
25.534426229508195
25.536065573770493
25.567213114754097
25.54590163934426
25.529508196721313
25.536065573770493
25.527868852459015
25.537704918032787
25.534426229508195
25.5327868852459
25.52622950819672
25.5327868852459
25.534426229508195
25.534426229508195
25.5327868852459
25.534426229508195
25.534426229508195
25.534426229508195
25.536065573770493
25.5327868852459
25.534426229508195
25.524590163934427
25.537704918032787
25.537704918032787
\
25.542622950819673
25.534426229508195
25.537704918032787
25.555737704918034
25.537704918032787
25.52622950819672
25.534426229508195
25.531147540983607
25.531147540983607
25.534426229508195
25.531147540983607
25.529508196721313
25.531147540983607
25.534426229508195
25.531147540983607
25.5327868852459
25.534426229508195
25.537704918032787
25.537704918032787
25.536065573770493
25.534426229508195
25.534426229508195
25.527868852459015
25.537704918032787
25.537704918032787
\
25.53934426229508
25.537704918032787
25.540983606557376
25.560655737704916
25.542622950819673
25.531147540983607
25.534426229508195
25.5327868852459
25.534426229508195
25.537704918032787
25.5327868852459
25.52622950819672
25.527868852459015
25.5327868852459
25.529508196721313
25.536065573770493
25.537704918032787
25.5327868852459
25.537704918032787
25.534426229508195
25.5327868852459
25.537704918032787
25.5327868852459
25.542622950819673
25.542622950819673
\
25.542622950819673
25.534426229508195
25.534426229508195
25.559016393442622
25.540983606557376
25.529508196721313
25.540983606557376
25.534426229508195
25.5327868852459
25.534426229508195
25.531147540983607
25.527868852459015
25.527868852459015
25.5327868852459
25.5327868852459
25.5327868852459
25.531147540983607
25.5327868852459
25.534426229508195
25.5327868852459
25.529508196721313
25.537704918032787
25.531147540983607
25.540983606557376
25.542622950819673
\
25.53934426229508
25.540983606557376
25.534426229508195
25.559016393442622
25.542622950819673
25.5327868852459
25.537704918032787
25.5327868852459
25.534426229508195
25.537704918032787
25.540983606557376
25.529508196721313
25.529508196721313
25.527868852459015
25.524590163934427
25.5327868852459
25.534426229508195
25.531147540983607
25.531147540983607
25.529508196721313
25.527868852459015
25.53934426229508
25.527868852459015
25.53934426229508
25.542622950819673
\
25.549180327868854
25.542622950819673
25.537704918032787
25.562295081967214
25.542622950819673
25.534426229508195
25.542622950819673
25.53934426229508
25.54590163934426
25.555737704918034
25.54590163934426
25.540983606557376
25.5327868852459
25.536065573770493
25.534426229508195
25.534426229508195
25.542622950819673
25.534426229508195
25.534426229508195
25.534426229508195
25.540983606557376
25.542622950819673
25.534426229508195
25.54590163934426
25.540983606557376
\
25.54590163934426
25.537704918032787
25.537704918032787
25.560655737704916
25.542622950819673
25.5327868852459
25.540983606557376
25.53934426229508
25.549180327868854
25.552459016393442
25.552459016393442
25.53934426229508
25.537704918032787
25.534426229508195
25.531147540983607
25.536065573770493
25.536065573770493
25.537704918032787
25.537704918032787
25.542622950819673
25.53934426229508
25.542622950819673
25.534426229508195
25.54590163934426
25.54590163934426
\
25.549180327868854
25.537704918032787
25.537704918032787
25.567213114754097
25.549180327868854
25.527868852459015
25.534426229508195
25.536065573770493
25.549180327868854
25.552459016393442
25.549180327868854
25.542622950819673
25.542622950819673
25.542622950819673
25.534426229508195
25.537704918032787
25.537704918032787
25.540983606557376
25.537704918032787
25.542622950819673
25.537704918032787
25.544262295081968
25.537704918032787
25.54590163934426
25.542622950819673
\
25.550819672131148
25.537704918032787
25.537704918032787
25.567213114754097
25.54590163934426
25.52622950819672
25.537704918032787
25.540983606557376
25.549180327868854
25.542622950819673
25.54590163934426
25.54590163934426
25.549180327868854
25.552459016393442
25.549180327868854
25.552459016393442
25.552459016393442
25.537704918032787
25.5327868852459
25.53934426229508
25.53934426229508
25.544262295081968
25.53934426229508
25.549180327868854
25.542622950819673
\
25.554098360655736
25.53934426229508
25.537704918032787
25.562295081967214
25.549180327868854
25.5327868852459
25.540983606557376
25.537704918032787
25.540983606557376
25.552459016393442
25.552459016393442
25.54590163934426
25.54590163934426
25.554098360655736
25.552459016393442
25.549180327868854
25.554098360655736
25.549180327868854
25.536065573770493
25.542622950819673
25.537704918032787
25.537704918032787
25.536065573770493
25.549180327868854
25.542622950819673
\
25.537704918032787
25.5327868852459
25.537704918032787
25.567213114754097
25.542622950819673
25.5327868852459
25.542622950819673
25.542622950819673
25.549180327868854
25.552459016393442
25.552459016393442
25.549180327868854
25.549180327868854
25.555737704918034
25.552459016393442
25.554098360655736
25.554098360655736
25.552459016393442
25.53934426229508
25.540983606557376
25.542622950819673
25.53934426229508
25.542622950819673
25.549180327868854
25.549180327868854
\
