25.48688524590164
25.488524590163934
25.488524590163934
25.48688524590164
25.48688524590164
25.490163934426228
25.488524590163934
25.488524590163934
25.48688524590164
25.483606557377048
25.483606557377048
25.483606557377048
25.483606557377048
25.488524590163934
25.48688524590164
25.485245901639345
25.481967213114753
25.481967213114753
25.485245901639345
25.485245901639345
25.48688524590164
\
25.488524590163934
25.485245901639345
25.485245901639345
25.478688524590165
25.48032786885246
25.485245901639345
25.483606557377048
25.481967213114753
25.481967213114753
25.478688524590165
25.478688524590165
25.477049180327867
25.478688524590165
25.481967213114753
25.478688524590165
25.477049180327867
25.477049180327867
25.477049180327867
25.477049180327867
25.478688524590165
25.48032786885246
\
25.488524590163934
25.483606557377048
25.48688524590164
25.485245901639345
25.481967213114753
25.483606557377048
25.481967213114753
25.483606557377048
25.481967213114753
25.481967213114753
25.478688524590165
25.477049180327867
25.477049180327867
25.485245901639345
25.478688524590165
25.478688524590165
25.478688524590165
25.478688524590165
25.477049180327867
25.478688524590165
25.485245901639345
\
25.488524590163934
25.481967213114753
25.483606557377048
25.478688524590165
25.478688524590165
25.481967213114753
25.478688524590165
25.48032786885246
25.48032786885246
25.477049180327867
25.478688524590165
25.477049180327867
25.477049180327867
25.481967213114753
25.477049180327867
25.477049180327867
25.477049180327867
25.477049180327867
25.48032786885246
25.478688524590165
25.483606557377048
\
25.488524590163934
25.483606557377048
25.504918032786886
25.504918032786886
25.491803278688526
25.481967213114753
25.481967213114753
25.478688524590165
25.478688524590165
25.481967213114753
25.481967213114753
25.481967213114753
25.481967213114753
25.478688524590165
25.48032786885246
25.477049180327867
25.477049180327867
25.481967213114753
25.478688524590165
25.477049180327867
25.477049180327867
25.477049180327867
25.478688524590165
25.48032786885246
25.481967213114753
\
25.490163934426228
25.481967213114753
25.504918032786886
25.504918032786886
25.488524590163934
25.48032786885246
25.483606557377048
25.478688524590165
25.478688524590165
25.48032786885246
25.48032786885246
25.48032786885246
25.478688524590165
25.477049180327867
25.477049180327867
25.475409836065573
25.475409836065573
25.478688524590165
25.477049180327867
25.477049180327867
25.475409836065573
25.477049180327867
25.475409836065573
25.478688524590165
25.481967213114753
\
25.488524590163934
25.483606557377048
25.503278688524592
25.504918032786886
25.490163934426228
25.481967213114753
25.485245901639345
25.481967213114753
25.48032786885246
25.485245901639345
25.481967213114753
25.48032786885246
25.477049180327867
25.478688524590165
25.477049180327867
25.477049180327867
25.477049180327867
25.481967213114753
25.477049180327867
25.477049180327867
25.477049180327867
25.478688524590165
25.478688524590165
25.478688524590165
25.48688524590164
\
25.488524590163934
25.481967213114753
25.504918032786886
25.51311475409836
25.491803278688526
25.481967213114753
25.48688524590164
25.485245901639345
25.48032786885246
25.485245901639345
25.481967213114753
25.478688524590165
25.477049180327867
25.477049180327867
25.478688524590165
25.477049180327867
25.477049180327867
25.48032786885246
25.477049180327867
25.477049180327867
25.477049180327867
25.477049180327867
25.48032786885246
25.481967213114753
25.48688524590164
\
25.48688524590164
25.481967213114753
25.504918032786886
25.504918032786886
25.491803278688526
25.485245901639345
25.48688524590164
25.481967213114753
25.478688524590165
25.478688524590165
25.483606557377048
25.48032786885246
25.478688524590165
25.477049180327867
25.477049180327867
25.477049180327867
25.477049180327867
25.478688524590165
25.475409836065573
25.478688524590165
25.477049180327867
25.477049180327867
25.478688524590165
25.481967213114753
25.485245901639345
\
25.48688524590164
25.481967213114753
25.504918032786886
25.504918032786886
25.490163934426228
25.48688524590164
25.485245901639345
25.481967213114753
25.48032786885246
25.48032786885246
25.48688524590164
25.485245901639345
25.483606557377048
25.48032786885246
25.478688524590165
25.478688524590165
25.477049180327867
25.478688524590165
25.478688524590165
25.478688524590165
25.478688524590165
25.481967213114753
25.485245901639345
25.481967213114753
25.48688524590164
\
25.48688524590164
25.483606557377048
25.504918032786886
25.504918032786886
25.48688524590164
25.483606557377048
25.485245901639345
25.48032786885246
25.485245901639345
25.488524590163934
25.491803278688526
25.48688524590164
25.478688524590165
25.477049180327867
25.478688524590165
25.477049180327867
25.475409836065573
25.48032786885246
25.477049180327867
25.478688524590165
25.481967213114753
25.481967213114753
25.481967213114753
25.481967213114753
25.48688524590164
\
25.48688524590164
25.485245901639345
25.504918032786886
25.504918032786886
25.490163934426228
25.48688524590164
25.48688524590164
25.485245901639345
25.488524590163934
25.490163934426228
25.491803278688526
25.48688524590164
25.481967213114753
25.478688524590165
25.478688524590165
25.477049180327867
25.477049180327867
25.481967213114753
25.478688524590165
25.481967213114753
25.485245901639345
25.485245901639345
25.485245901639345
25.483606557377048
25.48688524590164
\
25.488524590163934
25.48688524590164
25.51311475409836
25.511475409836066
25.491803278688526
25.481967213114753
25.490163934426228
25.488524590163934
25.491803278688526
25.491803278688526
25.490163934426228
25.490163934426228
25.490163934426228
25.485245901639345
25.48032786885246
25.477049180327867
25.478688524590165
25.481967213114753
25.48032786885246
25.488524590163934
25.485245901639345
25.48688524590164
25.485245901639345
25.48688524590164
25.488524590163934
\
25.491803278688526
25.48688524590164
25.51311475409836
25.504918032786886
25.491803278688526
25.485245901639345
25.491803278688526
25.498360655737706
25.491803278688526
25.491803278688526
25.490163934426228
25.488524590163934
25.488524590163934
25.48032786885246
25.444262295081966
25.478688524590165
25.490163934426228
25.490163934426228
25.478688524590165
25.491803278688526
25.488524590163934
25.490163934426228
25.48688524590164
25.488524590163934
25.488524590163934
\
25.495081967213114
25.48688524590164
25.51311475409836
25.511475409836066
25.495081967213114
25.485245901639345
25.491803278688526
25.491803278688526
25.491803278688526
25.491803278688526
25.491803278688526
25.488524590163934
25.485245901639345
25.477049180327867
25.418032786885245
25.478688524590165
25.504918032786886
25.491803278688526
25.477049180327867
25.483606557377048
25.481967213114753
25.483606557377048
25.481967213114753
25.48688524590164
25.48688524590164
\
25.485245901639345
25.478688524590165
25.51311475409836
25.504918032786886
25.501639344262294
25.485245901639345
25.491803278688526
25.491803278688526
25.491803278688526
25.491803278688526
25.491803278688526
25.488524590163934
25.481967213114753
25.477049180327867
25.424590163934425
25.478688524590165
25.504918032786886
25.491803278688526
25.478688524590165
25.48032786885246
25.485245901639345
25.481967213114753
25.478688524590165
25.485245901639345
25.48688524590164
\
