25.036065573770493
25.0327868852459
25.04590163934426
25.062295081967214
25.0327868852459
25.059016393442622
25.0327868852459
25.01311475409836
25.029508196721313
25.0327868852459
25.036065573770493
25.022950819672133
25.00327868852459
25.022950819672133
25.022950819672133
25.022950819672133
25.009836065573772
25.022950819672133
25.016393442622952
25.022950819672133
25.022950819672133
\
25.022950819672133
25.029508196721313
25.016393442622952
25.029508196721313
25.009836065573772
25.029508196721313
25.016393442622952
24.99672131147541
25.01967213114754
25.01311475409836
25.022950819672133
25.01311475409836
24.983606557377048
25.01311475409836
25.00327868852459
25.00327868852459
24.98688524590164
25.00327868852459
25.00327868852459
24.990163934426228
25.00327868852459
\
25.0327868852459
25.022950819672133
25.022950819672133
25.0327868852459
25.022950819672133
25.03934426229508
25.029508196721313
25.009836065573772
25.022950819672133
25.022950819672133
25.029508196721313
25.01967213114754
25.0
25.022950819672133
25.022950819672133
25.009836065573772
24.99672131147541
25.00327868852459
25.00327868852459
25.0
25.01311475409836
\
25.03934426229508
25.03934426229508
25.04590163934426
25.04590163934426
25.0327868852459
25.055737704918034
25.03934426229508
25.022950819672133
25.022950819672133
25.029508196721313
25.0327868852459
25.022950819672133
25.0
25.016393442622952
25.029508196721313
25.01311475409836
25.0
25.022950819672133
25.01311475409836
25.009836065573772
25.009836065573772
\
25.036065573770493
25.0327868852459
25.049180327868854
25.049180327868854
25.036065573770493
25.036065573770493
25.03934426229508
25.03934426229508
25.029508196721313
25.04590163934426
25.04590163934426
25.022950819672133
25.029508196721313
25.01311475409836
25.029508196721313
25.01311475409836
25.0
25.00327868852459
25.022950819672133
25.009836065573772
24.99672131147541
25.016393442622952
25.00327868852459
25.00327868852459
25.016393442622952
\
25.03934426229508
25.036065573770493
25.055737704918034
25.049180327868854
25.04590163934426
25.04590163934426
25.049180327868854
25.04590163934426
25.0327868852459
25.04590163934426
25.04590163934426
25.022950819672133
25.029508196721313
25.022950819672133
25.036065573770493
25.01311475409836
24.990163934426228
25.009836065573772
25.022950819672133
25.009836065573772
25.0
25.01311475409836
25.009836065573772
25.00327868852459
25.01967213114754
\
25.04590163934426
25.0327868852459
25.055737704918034
25.036065573770493
25.049180327868854
25.049180327868854
25.04590163934426
25.036065573770493
25.0327868852459
25.04590163934426
25.0327868852459
25.01967213114754
25.0327868852459
25.022950819672133
25.0327868852459
25.01311475409836
24.990163934426228
25.016393442622952
25.016393442622952
25.01311475409836
25.0
25.016393442622952
25.009836065573772
24.990163934426228
25.01311475409836
\
25.049180327868854
25.029508196721313
25.04590163934426
25.055737704918034
25.036065573770493
25.049180327868854
25.049180327868854
25.04590163934426
25.036065573770493
25.049180327868854
25.029508196721313
25.022950819672133
25.0327868852459
25.0327868852459
25.029508196721313
25.01311475409836
24.990163934426228
25.01311475409836
25.022950819672133
25.01311475409836
25.00327868852459
25.022950819672133
25.01311475409836
25.00327868852459
25.009836065573772
\
25.04590163934426
25.022950819672133
25.049180327868854
25.036065573770493
25.036065573770493
25.0327868852459
25.036065573770493
25.036065573770493
25.0327868852459
25.0327868852459
25.029508196721313
25.022950819672133
25.029508196721313
25.01967213114754
25.0327868852459
25.009836065573772
24.990163934426228
25.009836065573772
25.00327868852459
25.009836065573772
24.990163934426228
25.016393442622952
25.00327868852459
24.990163934426228
25.00327868852459
\
25.0327868852459
25.0327868852459
25.03934426229508
25.04590163934426
25.036065573770493
25.04590163934426
25.04590163934426
25.03934426229508
25.0327868852459
25.036065573770493
25.0327868852459
25.022950819672133
25.029508196721313
25.009836065573772
25.0327868852459
25.009836065573772
24.990163934426228
25.00327868852459
25.009836065573772
25.00327868852459
24.983606557377048
25.01967213114754
25.00327868852459
25.00327868852459
25.00327868852459
\
25.03934426229508
25.029508196721313
25.036065573770493
25.049180327868854
25.0327868852459
25.04590163934426
25.04590163934426
25.036065573770493
25.022950819672133
25.04590163934426
25.0327868852459
25.022950819672133
25.022950819672133
25.00327868852459
25.029508196721313
25.009836065573772
24.990163934426228
25.009836065573772
25.00327868852459
25.00327868852459
24.990163934426228
25.01967213114754
25.0
25.0
25.009836065573772
\
25.04590163934426
25.022950819672133
25.04590163934426
25.04590163934426
25.0327868852459
25.04590163934426
25.052459016393442
25.04590163934426
25.029508196721313
25.04590163934426
25.03934426229508
25.022950819672133
25.022950819672133
25.01311475409836
25.036065573770493
25.01311475409836
24.990163934426228
25.00327868852459
25.01311475409836
25.00327868852459
24.990163934426228
25.01967213114754
25.0
25.00327868852459
25.022950819672133
\
25.036065573770493
25.022950819672133
25.036065573770493
25.036065573770493
25.0327868852459
25.04590163934426
25.0327868852459
25.0327868852459
25.022950819672133
25.049180327868854
25.0327868852459
25.029508196721313
25.036065573770493
25.029508196721313
25.036065573770493
25.022950819672133
24.99672131147541
25.009836065573772
25.01311475409836
25.01311475409836
24.990163934426228
25.01311475409836
25.00327868852459
25.00327868852459
25.016393442622952
\
25.022950819672133
25.00327868852459
25.022950819672133
25.022950819672133
25.029508196721313
25.022950819672133
25.029508196721313
25.022950819672133
25.016393442622952
25.029508196721313
25.022950819672133
25.01967213114754
25.029508196721313
25.029508196721313
25.055737704918034
25.029508196721313
24.99672131147541
25.00327868852459
25.016393442622952
25.009836065573772
24.99672131147541
25.009836065573772
25.0
24.990163934426228
25.00327868852459
\
25.029508196721313
25.00327868852459
25.0327868852459
25.0327868852459
25.022950819672133
25.029508196721313
25.022950819672133
25.016393442622952
25.009836065573772
25.022950819672133
25.022950819672133
25.009836065573772
25.022950819672133
25.01311475409836
25.029508196721313
25.022950819672133
25.0
25.00327868852459
25.009836065573772
25.022950819672133
24.990163934426228
25.009836065573772
24.99672131147541
24.990163934426228
25.022950819672133
\
25.022950819672133
25.00327868852459
25.036065573770493
25.0327868852459
25.0327868852459
25.022950819672133
25.00327868852459
25.022950819672133
25.00327868852459
25.029508196721313
25.00327868852459
25.00327868852459
25.022950819672133
25.029508196721313
25.0327868852459
25.036065573770493
25.00327868852459
25.01967213114754
25.009836065573772
25.009836065573772
24.98688524590164
25.00327868852459
25.00327868852459
25.0
25.00327868852459
\
