25.542622950819673
25.521311475409835
25.522950819672133
25.524590163934427
25.529508196721313
25.536065573770493
25.52622950819672
25.52622950819672
25.524590163934427
25.521311475409835
25.521311475409835
25.51967213114754
25.522950819672133
25.522950819672133
25.521311475409835
25.514754098360655
25.514754098360655
25.521311475409835
25.52622950819672
25.550819672131148
25.550819672131148
\
25.536065573770493
25.508196721311474
25.508196721311474
25.51967213114754
25.521311475409835
25.52622950819672
25.51967213114754
25.521311475409835
25.524590163934427
25.51967213114754
25.514754098360655
25.514754098360655
25.51967213114754
25.51967213114754
25.51967213114754
25.504918032786886
25.514754098360655
25.524590163934427
25.52622950819672
25.537704918032787
25.522950819672133
\
25.522950819672133
25.501639344262294
25.508196721311474
25.51967213114754
25.51967213114754
25.521311475409835
25.521311475409835
25.51967213114754
25.521311475409835
25.521311475409835
25.514754098360655
25.514754098360655
25.514754098360655
25.51311475409836
25.514754098360655
25.501639344262294
25.514754098360655
25.51967213114754
25.537704918032787
25.555737704918034
25.537704918032787
\
25.524590163934427
25.501639344262294
25.508196721311474
25.514754098360655
25.514754098360655
25.522950819672133
25.531147540983607
25.542622950819673
25.521311475409835
25.51967213114754
25.51967213114754
25.508196721311474
25.514754098360655
25.508196721311474
25.508196721311474
25.501639344262294
25.50655737704918
25.514754098360655
25.529508196721313
25.540983606557376
25.529508196721313
\
25.529508196721313
25.521311475409835
25.51967213114754
25.522950819672133
25.51967213114754
25.504918032786886
25.51311475409836
25.51967213114754
25.51967213114754
25.522950819672133
25.542622950819673
25.550819672131148
25.521311475409835
25.522950819672133
25.51967213114754
25.514754098360655
25.51967213114754
25.51967213114754
25.521311475409835
25.514754098360655
25.514754098360655
25.51967213114754
25.52622950819672
25.537704918032787
25.529508196721313
\
25.514754098360655
25.51311475409836
25.514754098360655
25.524590163934427
25.522950819672133
25.514754098360655
25.521311475409835
25.524590163934427
25.52622950819672
25.522950819672133
25.522950819672133
25.524590163934427
25.524590163934427
25.52622950819672
25.531147540983607
25.529508196721313
25.527868852459015
25.52622950819672
25.529508196721313
25.522950819672133
25.521311475409835
25.524590163934427
25.52622950819672
25.529508196721313
25.549180327868854
\
25.514754098360655
25.508196721311474
25.514754098360655
25.521311475409835
25.52622950819672
25.51967213114754
25.52622950819672
25.524590163934427
25.524590163934427
25.521311475409835
25.521311475409835
25.521311475409835
25.529508196721313
25.531147540983607
25.522950819672133
25.51967213114754
25.51967213114754
25.524590163934427
25.524590163934427
25.51967213114754
25.51967213114754
25.52622950819672
25.52622950819672
25.529508196721313
25.531147540983607
\
25.51967213114754
25.514754098360655
25.514754098360655
25.521311475409835
25.529508196721313
25.521311475409835
25.52622950819672
25.52622950819672
25.524590163934427
25.522950819672133
25.521311475409835
25.52622950819672
25.537704918032787
25.537704918032787
25.524590163934427
25.524590163934427
25.524590163934427
25.524590163934427
25.52622950819672
25.51967213114754
25.521311475409835
25.522950819672133
25.524590163934427
25.524590163934427
25.51967213114754
\
25.514754098360655
25.514754098360655
25.514754098360655
25.521311475409835
25.529508196721313
25.521311475409835
25.52622950819672
25.52622950819672
25.524590163934427
25.521311475409835
25.521311475409835
25.524590163934427
25.529508196721313
25.52622950819672
25.524590163934427
25.522950819672133
25.51967213114754
25.522950819672133
25.522950819672133
25.51967213114754
25.51967213114754
25.521311475409835
25.51967213114754
25.51967213114754
25.514754098360655
\
25.521311475409835
25.521311475409835
25.524590163934427
25.52622950819672
25.536065573770493
25.51967213114754
25.536065573770493
25.529508196721313
25.522950819672133
25.521311475409835
25.521311475409835
25.524590163934427
25.52622950819672
25.524590163934427
25.521311475409835
25.524590163934427
25.521311475409835
25.524590163934427
25.522950819672133
25.51967213114754
25.521311475409835
25.524590163934427
25.521311475409835
25.524590163934427
25.514754098360655
\
25.521311475409835
25.521311475409835
25.522950819672133
25.521311475409835
25.52622950819672
25.51967213114754
25.52622950819672
25.52622950819672
25.521311475409835
25.524590163934427
25.524590163934427
25.52622950819672
25.51967213114754
25.521311475409835
25.52622950819672
25.524590163934427
25.522950819672133
25.524590163934427
25.524590163934427
25.51967213114754
25.521311475409835
25.521311475409835
25.522950819672133
25.524590163934427
25.51967213114754
\
25.51967213114754
25.51967213114754
25.51967213114754
25.51967213114754
25.527868852459015
25.508196721311474
25.524590163934427
25.524590163934427
25.521311475409835
25.524590163934427
25.521311475409835
25.521311475409835
25.521311475409835
25.51967213114754
25.51967213114754
25.51967213114754
25.51967213114754
25.524590163934427
25.522950819672133
25.514754098360655
25.51967213114754
25.522950819672133
25.51967213114754
25.522950819672133
25.514754098360655
\
25.521311475409835
25.51967213114754
25.522950819672133
25.52622950819672
25.537704918032787
25.522950819672133
25.529508196721313
25.52622950819672
25.52622950819672
25.529508196721313
25.524590163934427
25.52622950819672
25.527868852459015
25.52622950819672
25.52622950819672
25.524590163934427
25.522950819672133
25.52622950819672
25.524590163934427
25.51967213114754
25.522950819672133
25.52622950819672
25.529508196721313
25.52622950819672
25.51967213114754
\
25.514754098360655
25.514754098360655
25.51967213114754
25.524590163934427
25.524590163934427
25.51967213114754
25.524590163934427
25.524590163934427
25.522950819672133
25.524590163934427
25.524590163934427
25.524590163934427
25.522950819672133
25.52622950819672
25.524590163934427
25.521311475409835
25.524590163934427
25.524590163934427
25.521311475409835
25.51967213114754
25.52622950819672
25.52622950819672
25.52622950819672
25.529508196721313
25.51967213114754
\
25.51967213114754
25.514754098360655
25.51967213114754
25.522950819672133
25.536065573770493
25.51967213114754
25.52622950819672
25.52622950819672
25.529508196721313
25.531147540983607
25.529508196721313
25.524590163934427
25.531147540983607
25.529508196721313
25.522950819672133
25.51967213114754
25.524590163934427
25.52622950819672
25.524590163934427
25.51967213114754
25.527868852459015
25.529508196721313
25.531147540983607
25.536065573770493
25.51967213114754
\
25.514754098360655
25.51967213114754
25.524590163934427
25.52622950819672
25.536065573770493
25.522950819672133
25.52622950819672
25.529508196721313
25.529508196721313
25.529508196721313
25.529508196721313
25.524590163934427
25.536065573770493
25.531147540983607
25.524590163934427
25.521311475409835
25.524590163934427
25.52622950819672
25.52622950819672
25.524590163934427
25.527868852459015
25.537704918032787
25.529508196721313
25.536065573770493
25.522950819672133
\
