25.518032786885247
25.508196721311474
25.51311475409836
25.511475409836066
25.511475409836066
25.508196721311474
25.508196721311474
25.508196721311474
25.504918032786886
25.508196721311474
25.51311475409836
25.511475409836066
25.503278688524592
25.50655737704918
25.50655737704918
25.51311475409836
25.508196721311474
25.51311475409836
25.511475409836066
25.521311475409835
25.51311475409836
\
25.51311475409836
25.509836065573772
25.508196721311474
25.508196721311474
25.511475409836066
25.508196721311474
25.504918032786886
25.50655737704918
25.5
25.504918032786886
25.511475409836066
25.511475409836066
25.501639344262294
25.504918032786886
25.504918032786886
25.509836065573772
25.508196721311474
25.509836065573772
25.508196721311474
25.51311475409836
25.508196721311474
\
25.51311475409836
25.51311475409836
25.51311475409836
25.511475409836066
25.511475409836066
25.509836065573772
25.511475409836066
25.50655737704918
25.504918032786886
25.50655737704918
25.51311475409836
25.51311475409836
25.50655737704918
25.511475409836066
25.511475409836066
25.511475409836066
25.511475409836066
25.511475409836066
25.508196721311474
25.51311475409836
25.51311475409836
\
25.51311475409836
25.50655737704918
25.508196721311474
25.509836065573772
25.51311475409836
25.51311475409836
25.51311475409836
25.51311475409836
25.504918032786886
25.504918032786886
25.51311475409836
25.516393442622952
25.50655737704918
25.50655737704918
25.509836065573772
25.51311475409836
25.508196721311474
25.508196721311474
25.508196721311474
25.51311475409836
25.51311475409836
\
25.511475409836066
25.501639344262294
25.511475409836066
25.508196721311474
25.516393442622952
25.511475409836066
25.51311475409836
25.51311475409836
25.511475409836066
25.51311475409836
25.511475409836066
25.508196721311474
25.504918032786886
25.50655737704918
25.508196721311474
25.51311475409836
25.503278688524592
25.504918032786886
25.504918032786886
25.511475409836066
25.508196721311474
25.504918032786886
25.504918032786886
25.511475409836066
25.511475409836066
\
25.508196721311474
25.501639344262294
25.516393442622952
25.509836065573772
25.51967213114754
25.51967213114754
25.51311475409836
25.51311475409836
25.516393442622952
25.511475409836066
25.509836065573772
25.508196721311474
25.504918032786886
25.50655737704918
25.508196721311474
25.51311475409836
25.503278688524592
25.504918032786886
25.508196721311474
25.51311475409836
25.508196721311474
25.50655737704918
25.508196721311474
25.511475409836066
25.511475409836066
\
25.51311475409836
25.504918032786886
25.518032786885247
25.511475409836066
25.521311475409835
25.521311475409835
25.518032786885247
25.518032786885247
25.518032786885247
25.511475409836066
25.511475409836066
25.511475409836066
25.511475409836066
25.51311475409836
25.51311475409836
25.516393442622952
25.504918032786886
25.508196721311474
25.508196721311474
25.51311475409836
25.511475409836066
25.508196721311474
25.51311475409836
25.511475409836066
25.508196721311474
\
25.516393442622952
25.511475409836066
25.518032786885247
25.518032786885247
25.527868852459015
25.527868852459015
25.527868852459015
25.521311475409835
25.521311475409835
25.51311475409836
25.51311475409836
25.516393442622952
25.516393442622952
25.516393442622952
25.516393442622952
25.521311475409835
25.511475409836066
25.508196721311474
25.51311475409836
25.51311475409836
25.516393442622952
25.521311475409835
25.518032786885247
25.524590163934427
25.51311475409836
\
25.518032786885247
25.509836065573772
25.521311475409835
25.516393442622952
25.527868852459015
25.527868852459015
25.531147540983607
25.524590163934427
25.524590163934427
25.51311475409836
25.51311475409836
25.51967213114754
25.51311475409836
25.516393442622952
25.51311475409836
25.51967213114754
25.50655737704918
25.508196721311474
25.51311475409836
25.516393442622952
25.518032786885247
25.51311475409836
25.51311475409836
25.521311475409835
25.516393442622952
\
25.51311475409836
25.50655737704918
25.521311475409835
25.516393442622952
25.529508196721313
25.521311475409835
25.529508196721313
25.521311475409835
25.521311475409835
25.51311475409836
25.51311475409836
25.516393442622952
25.509836065573772
25.511475409836066
25.51967213114754
25.518032786885247
25.50655737704918
25.50655737704918
25.508196721311474
25.51311475409836
25.51311475409836
25.51311475409836
25.51311475409836
25.521311475409835
25.511475409836066
\
25.521311475409835
25.508196721311474
25.521311475409835
25.51311475409836
25.521311475409835
25.51967213114754
25.527868852459015
25.516393442622952
25.516393442622952
25.516393442622952
25.518032786885247
25.518032786885247
25.508196721311474
25.51311475409836
25.524590163934427
25.518032786885247
25.50655737704918
25.509836065573772
25.511475409836066
25.51311475409836
25.511475409836066
25.51311475409836
25.51311475409836
25.518032786885247
25.51311475409836
\
25.518032786885247
25.508196721311474
25.51967213114754
25.516393442622952
25.524590163934427
25.521311475409835
25.521311475409835
25.518032786885247
25.516393442622952
25.516393442622952
25.51311475409836
25.51311475409836
25.508196721311474
25.509836065573772
25.516393442622952
25.516393442622952
25.503278688524592
25.511475409836066
25.51311475409836
25.51311475409836
25.511475409836066
25.511475409836066
25.51311475409836
25.518032786885247
25.51311475409836
\
25.51311475409836
25.50655737704918
25.521311475409835
25.51967213114754
25.524590163934427
25.518032786885247
25.521311475409835
25.51311475409836
25.51311475409836
25.521311475409835
25.508196721311474
25.51311475409836
25.51311475409836
25.51311475409836
25.518032786885247
25.516393442622952
25.503278688524592
25.50655737704918
25.50655737704918
25.51311475409836
25.51311475409836
25.509836065573772
25.511475409836066
25.516393442622952
25.51311475409836
\
25.51311475409836
25.50655737704918
25.518032786885247
25.518032786885247
25.521311475409835
25.518032786885247
25.518032786885247
25.51311475409836
25.51311475409836
25.516393442622952
25.518032786885247
25.51311475409836
25.511475409836066
25.51311475409836
25.521311475409835
25.516393442622952
25.50655737704918
25.511475409836066
25.508196721311474
25.51311475409836
25.521311475409835
25.51311475409836
25.518032786885247
25.521311475409835
25.51311475409836
\
25.51311475409836
25.504918032786886
25.51311475409836
25.509836065573772
25.521311475409835
25.521311475409835
25.524590163934427
25.521311475409835
25.516393442622952
25.521311475409835
25.521311475409835
25.511475409836066
25.51311475409836
25.51311475409836
25.51311475409836
25.516393442622952
25.50655737704918
25.50655737704918
25.504918032786886
25.51311475409836
25.521311475409835
25.518032786885247
25.518032786885247
25.521311475409835
25.518032786885247
\
25.504918032786886
25.501639344262294
25.511475409836066
25.508196721311474
25.518032786885247
25.51311475409836
25.521311475409835
25.51311475409836
25.51311475409836
25.511475409836066
25.509836065573772
25.508196721311474
25.508196721311474
25.511475409836066
25.511475409836066
25.50655737704918
25.501639344262294
25.503278688524592
25.50655737704918
25.509836065573772
25.51311475409836
25.51311475409836
25.51311475409836
25.51967213114754
25.516393442622952
\
