25.421311475409837
25.421311475409837
25.439344262295084
25.504918032786886
25.514754098360655
25.490163934426228
25.475409836065573
25.444262295081966
25.437704918032786
25.442622950819672
25.49344262295082
25.503278688524592
25.508196721311474
25.508196721311474
25.503278688524592
25.508196721311474
25.501639344262294
25.49672131147541
25.490163934426228
25.488524590163934
25.488524590163934
\
25.485245901639345
25.483606557377048
25.498360655737706
25.508196721311474
25.514754098360655
25.49672131147541
25.488524590163934
25.483606557377048
25.477049180327867
25.477049180327867
25.49344262295082
25.503278688524592
25.504918032786886
25.503278688524592
25.501639344262294
25.503278688524592
25.5
25.49344262295082
25.49344262295082
25.488524590163934
25.490163934426228
\
25.49344262295082
25.491803278688526
25.504918032786886
25.511475409836066
25.514754098360655
25.50655737704918
25.503278688524592
25.501639344262294
25.5
25.490163934426228
25.5
25.501639344262294
25.503278688524592
25.504918032786886
25.5
25.503278688524592
25.498360655737706
25.49672131147541
25.490163934426228
25.490163934426228
25.49344262295082
\
25.498360655737706
25.49672131147541
25.509836065573772
25.50655737704918
25.511475409836066
25.50655737704918
25.504918032786886
25.509836065573772
25.508196721311474
25.498360655737706
25.5
25.5
25.501639344262294
25.501639344262294
25.501639344262294
25.503278688524592
25.5
25.49672131147541
25.488524590163934
25.490163934426228
25.49344262295082
\
25.522950819672133
25.509836065573772
25.503278688524592
25.501639344262294
25.498360655737706
25.49672131147541
25.511475409836066
25.50655737704918
25.511475409836066
25.50655737704918
25.503278688524592
25.504918032786886
25.504918032786886
25.49344262295082
25.5
25.498360655737706
25.501639344262294
25.503278688524592
25.501639344262294
25.503278688524592
25.501639344262294
25.49344262295082
25.488524590163934
25.49344262295082
25.49344262295082
\
25.524590163934427
25.51311475409836
25.503278688524592
25.503278688524592
25.503278688524592
25.498360655737706
25.511475409836066
25.509836065573772
25.51311475409836
25.509836065573772
25.50655737704918
25.504918032786886
25.508196721311474
25.49672131147541
25.5
25.5
25.498360655737706
25.498360655737706
25.501639344262294
25.508196721311474
25.503278688524592
25.498360655737706
25.488524590163934
25.490163934426228
25.49344262295082
\
25.534426229508195
25.514754098360655
25.508196721311474
25.504918032786886
25.503278688524592
25.5
25.509836065573772
25.511475409836066
25.514754098360655
25.509836065573772
25.50655737704918
25.504918032786886
25.508196721311474
25.49672131147541
25.5
25.5
25.5
25.498360655737706
25.504918032786886
25.50655737704918
25.503278688524592
25.49672131147541
25.488524590163934
25.490163934426228
25.49344262295082
\
25.534426229508195
25.514754098360655
25.508196721311474
25.504918032786886
25.504918032786886
25.503278688524592
25.51311475409836
25.511475409836066
25.514754098360655
25.50655737704918
25.503278688524592
25.504918032786886
25.504918032786886
25.49344262295082
25.501639344262294
25.503278688524592
25.5
25.49672131147541
25.503278688524592
25.503278688524592
25.503278688524592
25.49672131147541
25.490163934426228
25.49344262295082
25.49672131147541
\
25.529508196721313
25.51311475409836
25.50655737704918
25.503278688524592
25.503278688524592
25.501639344262294
25.514754098360655
25.51311475409836
25.509836065573772
25.503278688524592
25.504918032786886
25.504918032786886
25.504918032786886
25.49344262295082
25.49672131147541
25.5
25.498360655737706
25.49344262295082
25.501639344262294
25.501639344262294
25.5
25.49344262295082
25.48688524590164
25.490163934426228
25.49672131147541
\
25.524590163934427
25.516393442622952
25.504918032786886
25.508196721311474
25.503278688524592
25.503278688524592
25.514754098360655
25.511475409836066
25.51311475409836
25.511475409836066
25.508196721311474
25.508196721311474
25.504918032786886
25.49344262295082
25.498360655737706
25.498360655737706
25.498360655737706
25.49672131147541
25.498360655737706
25.5
25.498360655737706
25.498360655737706
25.488524590163934
25.488524590163934
25.49344262295082
\
25.529508196721313
25.514754098360655
25.508196721311474
25.504918032786886
25.5
25.503278688524592
25.516393442622952
25.51311475409836
25.51967213114754
25.514754098360655
25.51311475409836
25.511475409836066
25.504918032786886
25.490163934426228
25.49672131147541
25.5
25.5
25.498360655737706
25.5
25.498360655737706
25.5
25.503278688524592
25.488524590163934
25.490163934426228
25.49344262295082
\
25.527868852459015
25.51311475409836
25.504918032786886
25.504918032786886
25.503278688524592
25.501639344262294
25.51311475409836
25.518032786885247
25.522950819672133
25.514754098360655
25.516393442622952
25.509836065573772
25.504918032786886
25.49344262295082
25.49672131147541
25.49672131147541
25.498360655737706
25.49344262295082
25.498360655737706
25.504918032786886
25.503278688524592
25.5
25.490163934426228
25.488524590163934
25.49344262295082
\
25.52622950819672
25.514754098360655
25.504918032786886
25.503278688524592
25.501639344262294
25.5
25.511475409836066
25.514754098360655
25.52622950819672
25.516393442622952
25.514754098360655
25.514754098360655
25.511475409836066
25.5
25.5
25.5
25.498360655737706
25.49672131147541
25.498360655737706
25.50655737704918
25.503278688524592
25.498360655737706
25.490163934426228
25.49344262295082
25.49344262295082
\
25.518032786885247
25.51311475409836
25.501639344262294
25.5
25.501639344262294
25.498360655737706
25.514754098360655
25.514754098360655
25.518032786885247
25.511475409836066
25.514754098360655
25.514754098360655
25.514754098360655
25.50655737704918
25.509836065573772
25.508196721311474
25.508196721311474
25.501639344262294
25.501639344262294
25.503278688524592
25.498360655737706
25.498360655737706
25.49344262295082
25.49344262295082
25.490163934426228
\
25.524590163934427
25.51311475409836
25.503278688524592
25.5
25.503278688524592
25.504918032786886
25.511475409836066
25.509836065573772
25.514754098360655
25.51311475409836
25.51311475409836
25.514754098360655
25.514754098360655
25.508196721311474
25.508196721311474
25.508196721311474
25.508196721311474
25.503278688524592
25.498360655737706
25.503278688524592
25.498360655737706
25.498360655737706
25.490163934426228
25.49344262295082
25.49344262295082
\
25.50655737704918
25.5
25.503278688524592
25.5
25.503278688524592
25.503278688524592
25.51311475409836
25.514754098360655
25.514754098360655
25.511475409836066
25.51311475409836
25.516393442622952
25.518032786885247
25.50655737704918
25.509836065573772
25.511475409836066
25.50655737704918
25.504918032786886
25.5
25.503278688524592
25.503278688524592
25.498360655737706
25.49672131147541
25.490163934426228
25.49672131147541
\
