25.511475409836066
25.527868852459015
25.521311475409835
25.516393442622952
25.518032786885247
25.5327868852459
25.527868852459015
25.5327868852459
25.516393442622952
25.514754098360655
25.514754098360655
25.508196721311474
25.51311475409836
25.516393442622952
25.522950819672133
25.527868852459015
25.508196721311474
25.518032786885247
25.50655737704918
25.51311475409836
25.521311475409835
\
25.50655737704918
25.521311475409835
25.51311475409836
25.50655737704918
25.51311475409836
25.529508196721313
25.521311475409835
25.524590163934427
25.516393442622952
25.516393442622952
25.51311475409836
25.511475409836066
25.51311475409836
25.50655737704918
25.511475409836066
25.51311475409836
25.504918032786886
25.50655737704918
25.504918032786886
25.504918032786886
25.511475409836066
\
25.503278688524592
25.521311475409835
25.51311475409836
25.511475409836066
25.50655737704918
25.5327868852459
25.514754098360655
25.518032786885247
25.514754098360655
25.518032786885247
25.516393442622952
25.511475409836066
25.511475409836066
25.504918032786886
25.511475409836066
25.508196721311474
25.503278688524592
25.504918032786886
25.504918032786886
25.503278688524592
25.50655737704918
\
25.504918032786886
25.518032786885247
25.511475409836066
25.504918032786886
25.50655737704918
25.522950819672133
25.51311475409836
25.521311475409835
25.511475409836066
25.51311475409836
25.516393442622952
25.508196721311474
25.511475409836066
25.504918032786886
25.51311475409836
25.504918032786886
25.503278688524592
25.511475409836066
25.504918032786886
25.503278688524592
25.504918032786886
\
25.518032786885247
25.516393442622952
25.518032786885247
25.524590163934427
25.508196721311474
25.516393442622952
25.516393442622952
25.50655737704918
25.50655737704918
25.524590163934427
25.511475409836066
25.518032786885247
25.518032786885247
25.524590163934427
25.518032786885247
25.51311475409836
25.518032786885247
25.51311475409836
25.516393442622952
25.516393442622952
25.503278688524592
25.51311475409836
25.50655737704918
25.504918032786886
25.511475409836066
\
25.51311475409836
25.514754098360655
25.524590163934427
25.524590163934427
25.50655737704918
25.518032786885247
25.516393442622952
25.51311475409836
25.516393442622952
25.529508196721313
25.518032786885247
25.524590163934427
25.524590163934427
25.524590163934427
25.516393442622952
25.516393442622952
25.508196721311474
25.511475409836066
25.516393442622952
25.518032786885247
25.50655737704918
25.514754098360655
25.51311475409836
25.50655737704918
25.521311475409835
\
25.516393442622952
25.51311475409836
25.516393442622952
25.518032786885247
25.511475409836066
25.516393442622952
25.51311475409836
25.511475409836066
25.51311475409836
25.527868852459015
25.514754098360655
25.524590163934427
25.524590163934427
25.524590163934427
25.516393442622952
25.511475409836066
25.51311475409836
25.511475409836066
25.51311475409836
25.51311475409836
25.504918032786886
25.511475409836066
25.51311475409836
25.503278688524592
25.518032786885247
\
25.51311475409836
25.511475409836066
25.516393442622952
25.524590163934427
25.508196721311474
25.516393442622952
25.508196721311474
25.50655737704918
25.511475409836066
25.524590163934427
25.516393442622952
25.524590163934427
25.527868852459015
25.524590163934427
25.516393442622952
25.516393442622952
25.51311475409836
25.504918032786886
25.516393442622952
25.51311475409836
25.503278688524592
25.511475409836066
25.50655737704918
25.504918032786886
25.518032786885247
\
25.51311475409836
25.508196721311474
25.514754098360655
25.518032786885247
25.511475409836066
25.516393442622952
25.508196721311474
25.511475409836066
25.51311475409836
25.516393442622952
25.51311475409836
25.524590163934427
25.524590163934427
25.524590163934427
25.518032786885247
25.511475409836066
25.511475409836066
25.503278688524592
25.51311475409836
25.518032786885247
25.503278688524592
25.51311475409836
25.50655737704918
25.503278688524592
25.511475409836066
\
25.511475409836066
25.516393442622952
25.516393442622952
25.524590163934427
25.504918032786886
25.521311475409835
25.51311475409836
25.511475409836066
25.521311475409835
25.524590163934427
25.518032786885247
25.5327868852459
25.524590163934427
25.522950819672133
25.521311475409835
25.518032786885247
25.51311475409836
25.50655737704918
25.51311475409836
25.518032786885247
25.511475409836066
25.514754098360655
25.51311475409836
25.511475409836066
25.516393442622952
\
25.508196721311474
25.50655737704918
25.511475409836066
25.521311475409835
25.503278688524592
25.521311475409835
25.51311475409836
25.504918032786886
25.51311475409836
25.524590163934427
25.516393442622952
25.5327868852459
25.518032786885247
25.51311475409836
25.524590163934427
25.518032786885247
25.511475409836066
25.51311475409836
25.514754098360655
25.516393442622952
25.50655737704918
25.511475409836066
25.50655737704918
25.504918032786886
25.51311475409836
\
25.511475409836066
25.511475409836066
25.514754098360655
25.518032786885247
25.503278688524592
25.516393442622952
25.511475409836066
25.50655737704918
25.511475409836066
25.522950819672133
25.518032786885247
25.527868852459015
25.518032786885247
25.51311475409836
25.524590163934427
25.516393442622952
25.511475409836066
25.511475409836066
25.518032786885247
25.516393442622952
25.503278688524592
25.50655737704918
25.50655737704918
25.504918032786886
25.516393442622952
\
25.511475409836066
25.511475409836066
25.518032786885247
25.521311475409835
25.511475409836066
25.524590163934427
25.51311475409836
25.50655737704918
25.51311475409836
25.524590163934427
25.516393442622952
25.5327868852459
25.524590163934427
25.524590163934427
25.521311475409835
25.516393442622952
25.516393442622952
25.51311475409836
25.518032786885247
25.527868852459015
25.503278688524592
25.511475409836066
25.508196721311474
25.503278688524592
25.524590163934427
\
25.50655737704918
25.51311475409836
25.511475409836066
25.524590163934427
25.50655737704918
25.521311475409835
25.51311475409836
25.511475409836066
25.514754098360655
25.524590163934427
25.522950819672133
25.5327868852459
25.527868852459015
25.527868852459015
25.527868852459015
25.518032786885247
25.518032786885247
25.50655737704918
25.518032786885247
25.524590163934427
25.504918032786886
25.511475409836066
25.50655737704918
25.504918032786886
25.518032786885247
\
25.511475409836066
25.511475409836066
25.511475409836066
25.521311475409835
25.504918032786886
25.524590163934427
25.51311475409836
25.521311475409835
25.521311475409835
25.529508196721313
25.521311475409835
25.531147540983607
25.5327868852459
25.5327868852459
25.524590163934427
25.516393442622952
25.522950819672133
25.516393442622952
25.524590163934427
25.516393442622952
25.503278688524592
25.516393442622952
25.504918032786886
25.508196721311474
25.524590163934427
\
25.51311475409836
25.511475409836066
25.511475409836066
25.516393442622952
25.50655737704918
25.516393442622952
25.514754098360655
25.521311475409835
25.516393442622952
25.524590163934427
25.516393442622952
25.524590163934427
25.527868852459015
25.524590163934427
25.521311475409835
25.516393442622952
25.516393442622952
25.511475409836066
25.516393442622952
25.514754098360655
25.504918032786886
25.514754098360655
25.504918032786886
25.511475409836066
25.524590163934427
\
