25.518032786885247
25.521311475409835
25.522950819672133
25.514754098360655
25.51967213114754
25.50655737704918
25.495081967213114
25.48032786885246
25.442622950819672
25.477049180327867
25.501639344262294
25.521311475409835
25.521311475409835
25.516393442622952
25.522950819672133
25.518032786885247
25.522950819672133
25.514754098360655
25.516393442622952
25.511475409836066
25.511475409836066
\
25.508196721311474
25.508196721311474
25.511475409836066
25.508196721311474
25.514754098360655
25.50655737704918
25.498360655737706
25.495081967213114
25.478688524590165
25.491803278688526
25.501639344262294
25.509836065573772
25.509836065573772
25.508196721311474
25.511475409836066
25.504918032786886
25.51311475409836
25.501639344262294
25.503278688524592
25.501639344262294
25.501639344262294
\
25.498360655737706
25.503278688524592
25.508196721311474
25.509836065573772
25.51311475409836
25.51311475409836
25.508196721311474
25.50655737704918
25.501639344262294
25.503278688524592
25.498360655737706
25.504918032786886
25.503278688524592
25.503278688524592
25.504918032786886
25.501639344262294
25.508196721311474
25.498360655737706
25.5
25.5
25.5
\
25.5
25.5
25.508196721311474
25.508196721311474
25.508196721311474
25.511475409836066
25.509836065573772
25.509836065573772
25.501639344262294
25.504918032786886
25.501639344262294
25.5
25.503278688524592
25.5
25.501639344262294
25.498360655737706
25.514754098360655
25.498360655737706
25.498360655737706
25.498360655737706
25.498360655737706
\
25.536065573770493
25.51311475409836
25.503278688524592
25.501639344262294
25.5
25.5
25.50655737704918
25.504918032786886
25.509836065573772
25.514754098360655
25.509836065573772
25.511475409836066
25.504918032786886
25.503278688524592
25.501639344262294
25.501639344262294
25.501639344262294
25.501639344262294
25.504918032786886
25.498360655737706
25.509836065573772
25.501639344262294
25.498360655737706
25.498360655737706
25.498360655737706
\
25.536065573770493
25.509836065573772
25.504918032786886
25.504918032786886
25.501639344262294
25.503278688524592
25.50655737704918
25.504918032786886
25.508196721311474
25.51311475409836
25.51311475409836
25.508196721311474
25.501639344262294
25.498360655737706
25.498360655737706
25.5
25.498360655737706
25.49672131147541
25.501639344262294
25.498360655737706
25.509836065573772
25.5
25.498360655737706
25.495081967213114
25.495081967213114
\
25.544262295081968
25.51311475409836
25.511475409836066
25.509836065573772
25.503278688524592
25.50655737704918
25.508196721311474
25.509836065573772
25.509836065573772
25.516393442622952
25.509836065573772
25.508196721311474
25.504918032786886
25.504918032786886
25.498360655737706
25.5
25.498360655737706
25.5
25.503278688524592
25.5
25.51311475409836
25.498360655737706
25.5
25.49672131147541
25.495081967213114
\
25.53934426229508
25.511475409836066
25.508196721311474
25.50655737704918
25.501639344262294
25.503278688524592
25.50655737704918
25.509836065573772
25.509836065573772
25.509836065573772
25.509836065573772
25.50655737704918
25.501639344262294
25.501639344262294
25.498360655737706
25.501639344262294
25.5
25.495081967213114
25.5
25.495081967213114
25.508196721311474
25.498360655737706
25.5
25.495081967213114
25.498360655737706
\
25.522950819672133
25.50655737704918
25.503278688524592
25.504918032786886
25.5
25.5
25.503278688524592
25.504918032786886
25.501639344262294
25.504918032786886
25.508196721311474
25.503278688524592
25.498360655737706
25.498360655737706
25.495081967213114
25.5
25.495081967213114
25.491803278688526
25.498360655737706
25.495081967213114
25.503278688524592
25.49344262295082
25.49672131147541
25.49344262295082
25.49344262295082
\
25.529508196721313
25.511475409836066
25.508196721311474
25.504918032786886
25.5
25.501639344262294
25.504918032786886
25.504918032786886
25.50655737704918
25.509836065573772
25.516393442622952
25.511475409836066
25.501639344262294
25.5
25.495081967213114
25.5
25.498360655737706
25.49672131147541
25.501639344262294
25.49344262295082
25.504918032786886
25.5
25.498360655737706
25.49672131147541
25.49344262295082
\
25.536065573770493
25.511475409836066
25.504918032786886
25.504918032786886
25.5
25.501639344262294
25.508196721311474
25.504918032786886
25.509836065573772
25.516393442622952
25.521311475409835
25.516393442622952
25.49672131147541
25.49672131147541
25.495081967213114
25.503278688524592
25.498360655737706
25.495081967213114
25.49672131147541
25.495081967213114
25.509836065573772
25.498360655737706
25.5
25.49672131147541
25.495081967213114
\
25.531147540983607
25.51311475409836
25.508196721311474
25.503278688524592
25.5
25.504918032786886
25.509836065573772
25.516393442622952
25.521311475409835
25.522950819672133
25.527868852459015
25.511475409836066
25.501639344262294
25.501639344262294
25.49344262295082
25.5
25.498360655737706
25.498360655737706
25.501639344262294
25.5
25.511475409836066
25.501639344262294
25.501639344262294
25.498360655737706
25.5
\
25.531147540983607
25.511475409836066
25.503278688524592
25.501639344262294
25.498360655737706
25.498360655737706
25.508196721311474
25.514754098360655
25.518032786885247
25.52622950819672
25.521311475409835
25.518032786885247
25.509836065573772
25.50655737704918
25.49672131147541
25.503278688524592
25.501639344262294
25.498360655737706
25.5
25.503278688524592
25.508196721311474
25.501639344262294
25.501639344262294
25.498360655737706
25.495081967213114
\
25.536065573770493
25.51311475409836
25.503278688524592
25.501639344262294
25.5
25.501639344262294
25.504918032786886
25.51967213114754
25.521311475409835
25.529508196721313
25.529508196721313
25.52622950819672
25.51967213114754
25.514754098360655
25.511475409836066
25.514754098360655
25.509836065573772
25.503278688524592
25.503278688524592
25.503278688524592
25.511475409836066
25.504918032786886
25.501639344262294
25.498360655737706
25.501639344262294
\
25.53934426229508
25.514754098360655
25.508196721311474
25.504918032786886
25.503278688524592
25.508196721311474
25.514754098360655
25.509836065573772
25.514754098360655
25.521311475409835
25.529508196721313
25.529508196721313
25.521311475409835
25.51967213114754
25.51311475409836
25.516393442622952
25.511475409836066
25.509836065573772
25.504918032786886
25.503278688524592
25.51311475409836
25.503278688524592
25.504918032786886
25.5
25.498360655737706
\
25.521311475409835
25.498360655737706
25.50655737704918
25.501639344262294
25.501639344262294
25.503278688524592
25.511475409836066
25.521311475409835
25.518032786885247
25.522950819672133
25.529508196721313
25.529508196721313
25.521311475409835
25.518032786885247
25.511475409836066
25.521311475409835
25.509836065573772
25.514754098360655
25.508196721311474
25.504918032786886
25.51311475409836
25.5
25.504918032786886
25.503278688524592
25.504918032786886
\
