25.485245901639345
25.490163934426228
25.488524590163934
25.491803278688526
25.495081967213114
25.481967213114753
25.447540983606558
25.440983606557378
25.42622950819672
25.437704918032786
25.481967213114753
25.485245901639345
25.488524590163934
25.485245901639345
25.491803278688526
25.490163934426228
25.488524590163934
25.490163934426228
25.488524590163934
25.488524590163934
25.483606557377048
\
25.483606557377048
25.485245901639345
25.485245901639345
25.490163934426228
25.488524590163934
25.483606557377048
25.478688524590165
25.447540983606558
25.442622950819672
25.445901639344264
25.48032786885246
25.485245901639345
25.485245901639345
25.485245901639345
25.485245901639345
25.485245901639345
25.483606557377048
25.485245901639345
25.483606557377048
25.481967213114753
25.478688524590165
\
25.48032786885246
25.483606557377048
25.485245901639345
25.491803278688526
25.491803278688526
25.491803278688526
25.488524590163934
25.483606557377048
25.481967213114753
25.48032786885246
25.483606557377048
25.483606557377048
25.485245901639345
25.485245901639345
25.483606557377048
25.483606557377048
25.485245901639345
25.485245901639345
25.481967213114753
25.481967213114753
25.478688524590165
\
25.483606557377048
25.483606557377048
25.488524590163934
25.490163934426228
25.491803278688526
25.495081967213114
25.495081967213114
25.491803278688526
25.485245901639345
25.483606557377048
25.485245901639345
25.485245901639345
25.488524590163934
25.483606557377048
25.485245901639345
25.483606557377048
25.485245901639345
25.488524590163934
25.483606557377048
25.481967213114753
25.481967213114753
\
25.504918032786886
25.488524590163934
25.483606557377048
25.485245901639345
25.483606557377048
25.481967213114753
25.485245901639345
25.490163934426228
25.491803278688526
25.491803278688526
25.491803278688526
25.488524590163934
25.485245901639345
25.483606557377048
25.485245901639345
25.485245901639345
25.485245901639345
25.485245901639345
25.485245901639345
25.488524590163934
25.485245901639345
25.485245901639345
25.483606557377048
25.48032786885246
25.478688524590165
\
25.50655737704918
25.488524590163934
25.488524590163934
25.485245901639345
25.483606557377048
25.483606557377048
25.490163934426228
25.490163934426228
25.491803278688526
25.495081967213114
25.495081967213114
25.488524590163934
25.485245901639345
25.483606557377048
25.485245901639345
25.485245901639345
25.485245901639345
25.483606557377048
25.485245901639345
25.485245901639345
25.488524590163934
25.485245901639345
25.483606557377048
25.481967213114753
25.481967213114753
\
25.508196721311474
25.488524590163934
25.488524590163934
25.485245901639345
25.481967213114753
25.483606557377048
25.488524590163934
25.49344262295082
25.490163934426228
25.491803278688526
25.49344262295082
25.485245901639345
25.483606557377048
25.481967213114753
25.485245901639345
25.481967213114753
25.483606557377048
25.483606557377048
25.483606557377048
25.483606557377048
25.488524590163934
25.488524590163934
25.483606557377048
25.481967213114753
25.481967213114753
\
25.50655737704918
25.485245901639345
25.485245901639345
25.488524590163934
25.483606557377048
25.485245901639345
25.488524590163934
25.491803278688526
25.490163934426228
25.490163934426228
25.49344262295082
25.483606557377048
25.481967213114753
25.481967213114753
25.483606557377048
25.483606557377048
25.483606557377048
25.481967213114753
25.485245901639345
25.483606557377048
25.485245901639345
25.488524590163934
25.483606557377048
25.483606557377048
25.481967213114753
\
25.503278688524592
25.485245901639345
25.488524590163934
25.488524590163934
25.483606557377048
25.485245901639345
25.490163934426228
25.491803278688526
25.490163934426228
25.491803278688526
25.495081967213114
25.485245901639345
25.485245901639345
25.481967213114753
25.483606557377048
25.485245901639345
25.483606557377048
25.481967213114753
25.483606557377048
25.483606557377048
25.488524590163934
25.488524590163934
25.481967213114753
25.481967213114753
25.48032786885246
\
25.504918032786886
25.488524590163934
25.485245901639345
25.491803278688526
25.485245901639345
25.488524590163934
25.488524590163934
25.491803278688526
25.490163934426228
25.495081967213114
25.49672131147541
25.490163934426228
25.488524590163934
25.481967213114753
25.483606557377048
25.485245901639345
25.485245901639345
25.48032786885246
25.481967213114753
25.485245901639345
25.485245901639345
25.490163934426228
25.485245901639345
25.483606557377048
25.478688524590165
\
25.504918032786886
25.490163934426228
25.488524590163934
25.490163934426228
25.483606557377048
25.488524590163934
25.491803278688526
25.491803278688526
25.495081967213114
25.503278688524592
25.501639344262294
25.491803278688526
25.483606557377048
25.48032786885246
25.483606557377048
25.483606557377048
25.485245901639345
25.483606557377048
25.483606557377048
25.485245901639345
25.491803278688526
25.490163934426228
25.485245901639345
25.481967213114753
25.481967213114753
\
25.508196721311474
25.490163934426228
25.485245901639345
25.485245901639345
25.481967213114753
25.485245901639345
25.491803278688526
25.501639344262294
25.49672131147541
25.504918032786886
25.504918032786886
25.495081967213114
25.488524590163934
25.483606557377048
25.483606557377048
25.481967213114753
25.481967213114753
25.483606557377048
25.483606557377048
25.485245901639345
25.491803278688526
25.495081967213114
25.488524590163934
25.485245901639345
25.481967213114753
\
25.50655737704918
25.488524590163934
25.485245901639345
25.485245901639345
25.481967213114753
25.485245901639345
25.490163934426228
25.498360655737706
25.498360655737706
25.508196721311474
25.503278688524592
25.498360655737706
25.49344262295082
25.488524590163934
25.485245901639345
25.483606557377048
25.483606557377048
25.483606557377048
25.485245901639345
25.490163934426228
25.490163934426228
25.490163934426228
25.488524590163934
25.485245901639345
25.483606557377048
\
25.504918032786886
25.490163934426228
25.485245901639345
25.485245901639345
25.485245901639345
25.485245901639345
25.491803278688526
25.501639344262294
25.501639344262294
25.50655737704918
25.504918032786886
25.501639344262294
25.501639344262294
25.49672131147541
25.501639344262294
25.495081967213114
25.495081967213114
25.488524590163934
25.485245901639345
25.490163934426228
25.495081967213114
25.491803278688526
25.491803278688526
25.491803278688526
25.485245901639345
\
25.504918032786886
25.485245901639345
25.485245901639345
25.485245901639345
25.485245901639345
25.488524590163934
25.488524590163934
25.495081967213114
25.49672131147541
25.501639344262294
25.503278688524592
25.498360655737706
25.501639344262294
25.495081967213114
25.49672131147541
25.49672131147541
25.49672131147541
25.490163934426228
25.485245901639345
25.488524590163934
25.491803278688526
25.488524590163934
25.485245901639345
25.485245901639345
25.483606557377048
\
25.498360655737706
25.478688524590165
25.485245901639345
25.485245901639345
25.485245901639345
25.488524590163934
25.490163934426228
25.49672131147541
25.49672131147541
25.5
25.501639344262294
25.501639344262294
25.5
25.495081967213114
25.495081967213114
25.495081967213114
25.495081967213114
25.491803278688526
25.485245901639345
25.485245901639345
25.49672131147541
25.491803278688526
25.488524590163934
25.485245901639345
25.485245901639345
\
