25.488524590163934
25.490163934426228
25.511475409836066
25.50655737704918
25.50655737704918
25.509836065573772
25.51967213114754
25.51311475409836
25.504918032786886
25.51311475409836
25.509836065573772
25.50655737704918
25.514754098360655
25.514754098360655
25.514754098360655
25.504918032786886
25.50655737704918
25.501639344262294
25.504918032786886
25.501639344262294
25.504918032786886
\
25.521311475409835
25.51311475409836
25.501639344262294
25.501639344262294
25.504918032786886
25.50655737704918
25.514754098360655
25.501639344262294
25.501639344262294
25.50655737704918
25.501639344262294
25.501639344262294
25.50655737704918
25.501639344262294
25.501639344262294
25.498360655737706
25.504918032786886
25.49672131147541
25.498360655737706
25.49344262295082
25.495081967213114
\
25.52622950819672
25.51311475409836
25.501639344262294
25.50655737704918
25.501639344262294
25.498360655737706
25.504918032786886
25.501639344262294
25.498360655737706
25.504918032786886
25.498360655737706
25.49672131147541
25.501639344262294
25.501639344262294
25.498360655737706
25.49344262295082
25.49344262295082
25.491803278688526
25.49672131147541
25.49344262295082
25.498360655737706
\
25.531147540983607
25.51311475409836
25.501639344262294
25.498360655737706
25.498360655737706
25.501639344262294
25.50655737704918
25.498360655737706
25.498360655737706
25.504918032786886
25.501639344262294
25.49672131147541
25.501639344262294
25.498360655737706
25.49672131147541
25.490163934426228
25.49672131147541
25.49672131147541
25.49672131147541
25.495081967213114
25.501639344262294
\
25.51311475409836
25.501639344262294
25.514754098360655
25.52622950819672
25.521311475409835
25.501639344262294
25.501639344262294
25.498360655737706
25.498360655737706
25.501639344262294
25.504918032786886
25.49344262295082
25.498360655737706
25.498360655737706
25.498360655737706
25.49672131147541
25.501639344262294
25.498360655737706
25.498360655737706
25.49672131147541
25.495081967213114
25.49672131147541
25.49672131147541
25.495081967213114
25.498360655737706
\
25.50655737704918
25.501639344262294
25.521311475409835
25.524590163934427
25.514754098360655
25.501639344262294
25.501639344262294
25.498360655737706
25.501639344262294
25.501639344262294
25.504918032786886
25.49672131147541
25.49344262295082
25.498360655737706
25.495081967213114
25.49344262295082
25.498360655737706
25.498360655737706
25.498360655737706
25.49344262295082
25.49672131147541
25.49344262295082
25.498360655737706
25.491803278688526
25.49672131147541
\
25.504918032786886
25.501639344262294
25.51967213114754
25.521311475409835
25.514754098360655
25.501639344262294
25.498360655737706
25.49672131147541
25.498360655737706
25.501639344262294
25.501639344262294
25.49344262295082
25.488524590163934
25.49344262295082
25.49672131147541
25.495081967213114
25.49344262295082
25.498360655737706
25.491803278688526
25.490163934426228
25.495081967213114
25.490163934426228
25.49672131147541
25.490163934426228
25.49344262295082
\
25.50655737704918
25.50655737704918
25.514754098360655
25.521311475409835
25.51967213114754
25.509836065573772
25.504918032786886
25.504918032786886
25.504918032786886
25.501639344262294
25.511475409836066
25.49672131147541
25.49344262295082
25.501639344262294
25.498360655737706
25.498360655737706
25.501639344262294
25.498360655737706
25.501639344262294
25.49672131147541
25.501639344262294
25.498360655737706
25.501639344262294
25.49672131147541
25.498360655737706
\
25.504918032786886
25.504918032786886
25.522950819672133
25.529508196721313
25.522950819672133
25.509836065573772
25.509836065573772
25.504918032786886
25.498360655737706
25.49672131147541
25.514754098360655
25.49672131147541
25.49344262295082
25.501639344262294
25.498360655737706
25.498360655737706
25.504918032786886
25.498360655737706
25.495081967213114
25.49672131147541
25.498360655737706
25.498360655737706
25.498360655737706
25.498360655737706
25.501639344262294
\
25.501639344262294
25.511475409836066
25.524590163934427
25.527868852459015
25.524590163934427
25.514754098360655
25.504918032786886
25.501639344262294
25.501639344262294
25.501639344262294
25.51967213114754
25.504918032786886
25.501639344262294
25.501639344262294
25.498360655737706
25.501639344262294
25.50655737704918
25.498360655737706
25.49672131147541
25.491803278688526
25.501639344262294
25.498360655737706
25.498360655737706
25.498360655737706
25.501639344262294
\
25.501639344262294
25.511475409836066
25.522950819672133
25.522950819672133
25.518032786885247
25.504918032786886
25.504918032786886
25.501639344262294
25.51311475409836
25.518032786885247
25.52622950819672
25.50655737704918
25.49672131147541
25.498360655737706
25.498360655737706
25.498360655737706
25.498360655737706
25.498360655737706
25.49672131147541
25.49344262295082
25.501639344262294
25.501639344262294
25.498360655737706
25.498360655737706
25.498360655737706
\
25.501639344262294
25.504918032786886
25.514754098360655
25.514754098360655
25.51311475409836
25.501639344262294
25.501639344262294
25.50655737704918
25.514754098360655
25.51311475409836
25.521311475409835
25.509836065573772
25.504918032786886
25.498360655737706
25.49344262295082
25.49672131147541
25.49672131147541
25.495081967213114
25.49672131147541
25.501639344262294
25.498360655737706
25.501639344262294
25.501639344262294
25.49672131147541
25.498360655737706
\
25.498360655737706
25.509836065573772
25.518032786885247
25.51311475409836
25.51311475409836
25.501639344262294
25.504918032786886
25.51311475409836
25.514754098360655
25.51967213114754
25.522950819672133
25.511475409836066
25.504918032786886
25.504918032786886
25.498360655737706
25.498360655737706
25.501639344262294
25.49672131147541
25.49344262295082
25.504918032786886
25.501639344262294
25.501639344262294
25.504918032786886
25.49672131147541
25.501639344262294
\
25.498360655737706
25.509836065573772
25.511475409836066
25.51311475409836
25.51311475409836
25.504918032786886
25.501639344262294
25.51311475409836
25.509836065573772
25.514754098360655
25.51967213114754
25.514754098360655
25.521311475409835
25.521311475409835
25.518032786885247
25.514754098360655
25.518032786885247
25.504918032786886
25.49672131147541
25.501639344262294
25.501639344262294
25.501639344262294
25.50655737704918
25.501639344262294
25.501639344262294
\
25.514754098360655
25.509836065573772
25.521311475409835
25.52622950819672
25.514754098360655
25.504918032786886
25.501639344262294
25.50655737704918
25.509836065573772
25.518032786885247
25.521311475409835
25.51967213114754
25.522950819672133
25.524590163934427
25.521311475409835
25.522950819672133
25.522950819672133
25.518032786885247
25.498360655737706
25.501639344262294
25.498360655737706
25.498360655737706
25.50655737704918
25.50655737704918
25.504918032786886
\
25.498360655737706
25.501639344262294
25.521311475409835
25.521311475409835
25.522950819672133
25.504918032786886
25.498360655737706
25.50655737704918
25.50655737704918
25.521311475409835
25.521311475409835
25.521311475409835
25.521311475409835
25.524590163934427
25.518032786885247
25.521311475409835
25.518032786885247
25.51311475409836
25.498360655737706
25.498360655737706
25.501639344262294
25.49672131147541
25.504918032786886
25.498360655737706
25.504918032786886
\
