25.508196721311474
25.514754098360655
25.514754098360655
25.518032786885247
25.516393442622952
25.508196721311474
25.508196721311474
25.50655737704918
25.516393442622952
25.521311475409835
25.514754098360655
25.504918032786886
25.508196721311474
25.508196721311474
25.508196721311474
25.504918032786886
25.504918032786886
25.508196721311474
25.503278688524592
25.52622950819672
25.504918032786886
\
25.50655737704918
25.508196721311474
25.504918032786886
25.503278688524592
25.508196721311474
25.50655737704918
25.503278688524592
25.5
25.504918032786886
25.508196721311474
25.508196721311474
25.5
25.5
25.498360655737706
25.501639344262294
25.498360655737706
25.503278688524592
25.498360655737706
25.495081967213114
25.514754098360655
25.501639344262294
\
25.508196721311474
25.50655737704918
25.504918032786886
25.508196721311474
25.508196721311474
25.504918032786886
25.503278688524592
25.498360655737706
25.503278688524592
25.508196721311474
25.504918032786886
25.495081967213114
25.5
25.501639344262294
25.5
25.498360655737706
25.501639344262294
25.5
25.495081967213114
25.503278688524592
25.498360655737706
\
25.518032786885247
25.516393442622952
25.514754098360655
25.514754098360655
25.518032786885247
25.504918032786886
25.508196721311474
25.501639344262294
25.508196721311474
25.518032786885247
25.50655737704918
25.501639344262294
25.503278688524592
25.504918032786886
25.504918032786886
25.504918032786886
25.504918032786886
25.503278688524592
25.498360655737706
25.514754098360655
25.5
\
25.508196721311474
25.508196721311474
25.518032786885247
25.52622950819672
25.516393442622952
25.518032786885247
25.518032786885247
25.518032786885247
25.521311475409835
25.508196721311474
25.508196721311474
25.503278688524592
25.514754098360655
25.518032786885247
25.508196721311474
25.504918032786886
25.508196721311474
25.508196721311474
25.503278688524592
25.503278688524592
25.508196721311474
25.501639344262294
25.498360655737706
25.516393442622952
25.5
\
25.514754098360655
25.508196721311474
25.52622950819672
25.52622950819672
25.521311475409835
25.5327868852459
25.529508196721313
25.52622950819672
25.521311475409835
25.514754098360655
25.504918032786886
25.504918032786886
25.508196721311474
25.524590163934427
25.508196721311474
25.50655737704918
25.504918032786886
25.504918032786886
25.50655737704918
25.50655737704918
25.508196721311474
25.501639344262294
25.5
25.514754098360655
25.5
\
25.521311475409835
25.504918032786886
25.527868852459015
25.518032786885247
25.518032786885247
25.524590163934427
25.52622950819672
25.518032786885247
25.518032786885247
25.508196721311474
25.508196721311474
25.504918032786886
25.516393442622952
25.529508196721313
25.516393442622952
25.504918032786886
25.504918032786886
25.50655737704918
25.50655737704918
25.5
25.508196721311474
25.501639344262294
25.498360655737706
25.50655737704918
25.498360655737706
\
25.521311475409835
25.508196721311474
25.524590163934427
25.521311475409835
25.521311475409835
25.5327868852459
25.527868852459015
25.518032786885247
25.521311475409835
25.518032786885247
25.514754098360655
25.508196721311474
25.518032786885247
25.52622950819672
25.514754098360655
25.508196721311474
25.508196721311474
25.504918032786886
25.508196721311474
25.5
25.508196721311474
25.504918032786886
25.498360655737706
25.514754098360655
25.503278688524592
\
25.52622950819672
25.516393442622952
25.527868852459015
25.524590163934427
25.529508196721313
25.527868852459015
25.52622950819672
25.52622950819672
25.529508196721313
25.508196721311474
25.508196721311474
25.514754098360655
25.518032786885247
25.52622950819672
25.518032786885247
25.50655737704918
25.50655737704918
25.503278688524592
25.503278688524592
25.503278688524592
25.508196721311474
25.503278688524592
25.5
25.514754098360655
25.498360655737706
\
25.518032786885247
25.508196721311474
25.52622950819672
25.518032786885247
25.531147540983607
25.529508196721313
25.52622950819672
25.52622950819672
25.52622950819672
25.518032786885247
25.516393442622952
25.514754098360655
25.516393442622952
25.52622950819672
25.518032786885247
25.514754098360655
25.504918032786886
25.504918032786886
25.503278688524592
25.503278688524592
25.516393442622952
25.504918032786886
25.5
25.514754098360655
25.5
\
25.534426229508195
25.508196721311474
25.529508196721313
25.52622950819672
25.52622950819672
25.5327868852459
25.52622950819672
25.518032786885247
25.514754098360655
25.514754098360655
25.521311475409835
25.514754098360655
25.50655737704918
25.516393442622952
25.52622950819672
25.508196721311474
25.50655737704918
25.508196721311474
25.504918032786886
25.503278688524592
25.508196721311474
25.503278688524592
25.498360655737706
25.514754098360655
25.5
\
25.518032786885247
25.508196721311474
25.521311475409835
25.518032786885247
25.52622950819672
25.527868852459015
25.52622950819672
25.521311475409835
25.518032786885247
25.514754098360655
25.516393442622952
25.508196721311474
25.508196721311474
25.518032786885247
25.52622950819672
25.50655737704918
25.508196721311474
25.508196721311474
25.504918032786886
25.504918032786886
25.50655737704918
25.5
25.495081967213114
25.518032786885247
25.5
\
25.524590163934427
25.508196721311474
25.529508196721313
25.529508196721313
25.518032786885247
25.527868852459015
25.518032786885247
25.514754098360655
25.516393442622952
25.516393442622952
25.508196721311474
25.50655737704918
25.518032786885247
25.529508196721313
25.516393442622952
25.508196721311474
25.50655737704918
25.508196721311474
25.50655737704918
25.508196721311474
25.50655737704918
25.498360655737706
25.5
25.514754098360655
25.501639344262294
\
25.508196721311474
25.504918032786886
25.508196721311474
25.518032786885247
25.514754098360655
25.516393442622952
25.508196721311474
25.508196721311474
25.521311475409835
25.518032786885247
25.514754098360655
25.504918032786886
25.518032786885247
25.52622950819672
25.514754098360655
25.508196721311474
25.514754098360655
25.504918032786886
25.503278688524592
25.501639344262294
25.503278688524592
25.5
25.495081967213114
25.508196721311474
25.5
\
25.514754098360655
25.508196721311474
25.518032786885247
25.524590163934427
25.518032786885247
25.52622950819672
25.508196721311474
25.521311475409835
25.516393442622952
25.518032786885247
25.514754098360655
25.503278688524592
25.514754098360655
25.524590163934427
25.508196721311474
25.504918032786886
25.504918032786886
25.501639344262294
25.5
25.501639344262294
25.501639344262294
25.498360655737706
25.491803278688526
25.514754098360655
25.501639344262294
\
25.514754098360655
25.504918032786886
25.518032786885247
25.516393442622952
25.52622950819672
25.524590163934427
25.516393442622952
25.518032786885247
25.514754098360655
25.508196721311474
25.514754098360655
25.508196721311474
25.516393442622952
25.52622950819672
25.508196721311474
25.50655737704918
25.504918032786886
25.501639344262294
25.504918032786886
25.5
25.503278688524592
25.503278688524592
25.495081967213114
25.514754098360655
25.503278688524592
\
