25.52622950819672
25.537704918032787
25.5327868852459
25.534426229508195
25.5327868852459
25.51311475409836
25.495081967213114
25.481967213114753
25.445901639344264
25.483606557377048
25.503278688524592
25.51311475409836
25.522950819672133
25.522950819672133
25.51311475409836
25.524590163934427
25.51967213114754
25.52622950819672
25.51311475409836
25.524590163934427
25.522950819672133
\
25.51311475409836
25.516393442622952
25.524590163934427
25.52622950819672
25.521311475409835
25.51311475409836
25.498360655737706
25.495081967213114
25.48688524590164
25.495081967213114
25.503278688524592
25.511475409836066
25.521311475409835
25.51311475409836
25.508196721311474
25.50655737704918
25.504918032786886
25.51311475409836
25.498360655737706
25.51311475409836
25.504918032786886
\
25.51311475409836
25.508196721311474
25.51311475409836
25.522950819672133
25.522950819672133
25.521311475409835
25.51311475409836
25.50655737704918
25.509836065573772
25.511475409836066
25.503278688524592
25.50655737704918
25.509836065573772
25.50655737704918
25.498360655737706
25.498360655737706
25.504918032786886
25.51311475409836
25.498360655737706
25.50655737704918
25.503278688524592
\
25.50655737704918
25.511475409836066
25.51311475409836
25.516393442622952
25.51967213114754
25.522950819672133
25.51311475409836
25.51311475409836
25.51311475409836
25.51311475409836
25.50655737704918
25.504918032786886
25.509836065573772
25.508196721311474
25.503278688524592
25.503278688524592
25.50655737704918
25.511475409836066
25.498360655737706
25.50655737704918
25.503278688524592
\
25.5327868852459
25.51311475409836
25.509836065573772
25.51967213114754
25.511475409836066
25.508196721311474
25.51311475409836
25.51311475409836
25.51967213114754
25.51967213114754
25.51311475409836
25.511475409836066
25.51311475409836
25.50655737704918
25.504918032786886
25.50655737704918
25.511475409836066
25.504918032786886
25.504918032786886
25.498360655737706
25.504918032786886
25.511475409836066
25.495081967213114
25.504918032786886
25.498360655737706
\
25.534426229508195
25.51311475409836
25.508196721311474
25.521311475409835
25.50655737704918
25.508196721311474
25.51311475409836
25.51311475409836
25.516393442622952
25.51967213114754
25.516393442622952
25.51311475409836
25.51311475409836
25.51311475409836
25.503278688524592
25.504918032786886
25.50655737704918
25.504918032786886
25.498360655737706
25.501639344262294
25.50655737704918
25.51311475409836
25.495081967213114
25.504918032786886
25.498360655737706
\
25.5327868852459
25.51311475409836
25.509836065573772
25.51967213114754
25.509836065573772
25.50655737704918
25.51311475409836
25.51967213114754
25.51967213114754
25.51967213114754
25.51311475409836
25.509836065573772
25.51311475409836
25.51311475409836
25.503278688524592
25.503278688524592
25.504918032786886
25.504918032786886
25.498360655737706
25.503278688524592
25.498360655737706
25.516393442622952
25.498360655737706
25.498360655737706
25.503278688524592
\
25.529508196721313
25.509836065573772
25.51311475409836
25.51967213114754
25.511475409836066
25.509836065573772
25.511475409836066
25.521311475409835
25.51311475409836
25.51311475409836
25.51967213114754
25.504918032786886
25.508196721311474
25.508196721311474
25.498360655737706
25.50655737704918
25.504918032786886
25.498360655737706
25.503278688524592
25.498360655737706
25.503278688524592
25.509836065573772
25.498360655737706
25.504918032786886
25.503278688524592
\
25.522950819672133
25.51311475409836
25.50655737704918
25.516393442622952
25.504918032786886
25.504918032786886
25.511475409836066
25.51311475409836
25.51311475409836
25.509836065573772
25.51311475409836
25.50655737704918
25.50655737704918
25.50655737704918
25.501639344262294
25.498360655737706
25.503278688524592
25.49672131147541
25.498360655737706
25.498360655737706
25.498360655737706
25.511475409836066
25.495081967213114
25.503278688524592
25.501639344262294
\
25.52622950819672
25.51311475409836
25.508196721311474
25.51967213114754
25.511475409836066
25.50655737704918
25.509836065573772
25.51967213114754
25.51311475409836
25.516393442622952
25.522950819672133
25.51967213114754
25.509836065573772
25.50655737704918
25.498360655737706
25.498360655737706
25.50655737704918
25.49672131147541
25.49672131147541
25.495081967213114
25.498360655737706
25.51311475409836
25.498360655737706
25.50655737704918
25.498360655737706
\
25.531147540983607
25.516393442622952
25.508196721311474
25.516393442622952
25.50655737704918
25.509836065573772
25.51967213114754
25.51967213114754
25.524590163934427
25.529508196721313
25.522950819672133
25.52622950819672
25.51311475409836
25.50655737704918
25.503278688524592
25.501639344262294
25.508196721311474
25.498360655737706
25.501639344262294
25.503278688524592
25.509836065573772
25.511475409836066
25.503278688524592
25.504918032786886
25.504918032786886
\
25.534426229508195
25.51967213114754
25.509836065573772
25.51967213114754
25.504918032786886
25.511475409836066
25.51967213114754
25.524590163934427
25.529508196721313
25.537704918032787
25.534426229508195
25.522950819672133
25.516393442622952
25.511475409836066
25.501639344262294
25.503278688524592
25.504918032786886
25.503278688524592
25.498360655737706
25.503278688524592
25.509836065573772
25.51311475409836
25.50655737704918
25.50655737704918
25.50655737704918
\
25.5327868852459
25.511475409836066
25.50655737704918
25.516393442622952
25.50655737704918
25.50655737704918
25.51311475409836
25.51967213114754
25.5327868852459
25.537704918032787
25.5327868852459
25.52622950819672
25.52622950819672
25.522950819672133
25.50655737704918
25.50655737704918
25.509836065573772
25.504918032786886
25.503278688524592
25.51311475409836
25.509836065573772
25.51311475409836
25.501639344262294
25.511475409836066
25.50655737704918
\
25.5327868852459
25.521311475409835
25.50655737704918
25.51311475409836
25.511475409836066
25.51311475409836
25.522950819672133
25.52622950819672
25.531147540983607
25.536065573770493
25.5327868852459
25.537704918032787
25.537704918032787
25.531147540983607
25.524590163934427
25.51967213114754
25.522950819672133
25.51311475409836
25.504918032786886
25.51311475409836
25.51311475409836
25.521311475409835
25.504918032786886
25.516393442622952
25.509836065573772
\
25.536065573770493
25.51967213114754
25.51311475409836
25.516393442622952
25.51311475409836
25.51967213114754
25.51967213114754
25.522950819672133
25.529508196721313
25.534426229508195
25.537704918032787
25.5327868852459
25.534426229508195
25.5327868852459
25.522950819672133
25.522950819672133
25.529508196721313
25.521311475409835
25.50655737704918
25.51311475409836
25.508196721311474
25.51967213114754
25.50655737704918
25.51311475409836
25.511475409836066
\
25.51967213114754
25.498360655737706
25.51311475409836
25.51967213114754
25.51967213114754
25.51967213114754
25.522950819672133
25.524590163934427
25.529508196721313
25.53934426229508
25.534426229508195
25.540983606557376
25.536065573770493
25.534426229508195
25.522950819672133
25.522950819672133
25.52622950819672
25.516393442622952
25.508196721311474
25.509836065573772
25.51311475409836
25.522950819672133
25.503278688524592
25.516393442622952
25.511475409836066
\
