25.534426229508195
25.537704918032787
25.537704918032787
25.527868852459015
25.5327868852459
25.529508196721313
25.521311475409835
25.524590163934427
25.521311475409835
25.521311475409835
25.518032786885247
25.521311475409835
25.52622950819672
25.5327868852459
25.524590163934427
25.527868852459015
25.527868852459015
25.529508196721313
25.524590163934427
25.524590163934427
25.521311475409835
\
25.527868852459015
25.527868852459015
25.527868852459015
25.521311475409835
25.51967213114754
25.51967213114754
25.508196721311474
25.516393442622952
25.508196721311474
25.508196721311474
25.508196721311474
25.508196721311474
25.51967213114754
25.521311475409835
25.508196721311474
25.514754098360655
25.518032786885247
25.524590163934427
25.514754098360655
25.508196721311474
25.51311475409836
\
25.527868852459015
25.527868852459015
25.527868852459015
25.521311475409835
25.518032786885247
25.518032786885247
25.508196721311474
25.514754098360655
25.508196721311474
25.508196721311474
25.504918032786886
25.508196721311474
25.514754098360655
25.521311475409835
25.518032786885247
25.514754098360655
25.521311475409835
25.521311475409835
25.508196721311474
25.514754098360655
25.514754098360655
\
25.527868852459015
25.527868852459015
25.524590163934427
25.51967213114754
25.51967213114754
25.518032786885247
25.518032786885247
25.518032786885247
25.518032786885247
25.508196721311474
25.508196721311474
25.521311475409835
25.524590163934427
25.52622950819672
25.524590163934427
25.51967213114754
25.527868852459015
25.52622950819672
25.508196721311474
25.514754098360655
25.51967213114754
\
25.524590163934427
25.524590163934427
25.521311475409835
25.529508196721313
25.529508196721313
25.527868852459015
25.52622950819672
25.524590163934427
25.521311475409835
25.514754098360655
25.518032786885247
25.521311475409835
25.51967213114754
25.508196721311474
25.508196721311474
25.51967213114754
25.527868852459015
25.527868852459015
25.524590163934427
25.521311475409835
25.527868852459015
25.5327868852459
25.51967213114754
25.514754098360655
25.51967213114754
\
25.527868852459015
25.527868852459015
25.524590163934427
25.537704918032787
25.529508196721313
25.529508196721313
25.529508196721313
25.521311475409835
25.521311475409835
25.521311475409835
25.524590163934427
25.524590163934427
25.51967213114754
25.508196721311474
25.508196721311474
25.521311475409835
25.524590163934427
25.5327868852459
25.529508196721313
25.524590163934427
25.527868852459015
25.534426229508195
25.51967213114754
25.518032786885247
25.51967213114754
\
25.527868852459015
25.527868852459015
25.5327868852459
25.534426229508195
25.527868852459015
25.527868852459015
25.529508196721313
25.521311475409835
25.524590163934427
25.524590163934427
25.51967213114754
25.524590163934427
25.51967213114754
25.514754098360655
25.518032786885247
25.51967213114754
25.524590163934427
25.529508196721313
25.534426229508195
25.529508196721313
25.527868852459015
25.534426229508195
25.521311475409835
25.521311475409835
25.524590163934427
\
25.527868852459015
25.527868852459015
25.5327868852459
25.537704918032787
25.534426229508195
25.534426229508195
25.5327868852459
25.524590163934427
25.527868852459015
25.529508196721313
25.521311475409835
25.521311475409835
25.521311475409835
25.51967213114754
25.51967213114754
25.521311475409835
25.529508196721313
25.534426229508195
25.534426229508195
25.52622950819672
25.534426229508195
25.5327868852459
25.524590163934427
25.529508196721313
25.527868852459015
\
25.527868852459015
25.527868852459015
25.527868852459015
25.53934426229508
25.529508196721313
25.527868852459015
25.534426229508195
25.527868852459015
25.529508196721313
25.524590163934427
25.521311475409835
25.51967213114754
25.518032786885247
25.521311475409835
25.51967213114754
25.521311475409835
25.524590163934427
25.537704918032787
25.5327868852459
25.527868852459015
25.5327868852459
25.5327868852459
25.521311475409835
25.527868852459015
25.52622950819672
\
25.529508196721313
25.527868852459015
25.529508196721313
25.53934426229508
25.534426229508195
25.529508196721313
25.534426229508195
25.524590163934427
25.52622950819672
25.524590163934427
25.51967213114754
25.521311475409835
25.518032786885247
25.521311475409835
25.51967213114754
25.527868852459015
25.529508196721313
25.537704918032787
25.5327868852459
25.529508196721313
25.534426229508195
25.534426229508195
25.524590163934427
25.521311475409835
25.527868852459015
\
25.527868852459015
25.527868852459015
25.527868852459015
25.537704918032787
25.534426229508195
25.534426229508195
25.527868852459015
25.524590163934427
25.527868852459015
25.527868852459015
25.51967213114754
25.51967213114754
25.51311475409836
25.518032786885247
25.527868852459015
25.529508196721313
25.529508196721313
25.537704918032787
25.537704918032787
25.5327868852459
25.534426229508195
25.534426229508195
25.52622950819672
25.524590163934427
25.524590163934427
\
25.527868852459015
25.527868852459015
25.527868852459015
25.537704918032787
25.537704918032787
25.529508196721313
25.537704918032787
25.527868852459015
25.52622950819672
25.527868852459015
25.51967213114754
25.51967213114754
25.514754098360655
25.518032786885247
25.524590163934427
25.529508196721313
25.5327868852459
25.537704918032787
25.534426229508195
25.5327868852459
25.527868852459015
25.534426229508195
25.52622950819672
25.527868852459015
25.524590163934427
\
25.534426229508195
25.534426229508195
25.534426229508195
25.540983606557376
25.534426229508195
25.5327868852459
25.537704918032787
25.52622950819672
25.529508196721313
25.534426229508195
25.527868852459015
25.529508196721313
25.51967213114754
25.524590163934427
25.527868852459015
25.5327868852459
25.534426229508195
25.537704918032787
25.5327868852459
25.5327868852459
25.529508196721313
25.534426229508195
25.527868852459015
25.527868852459015
25.527868852459015
\
25.5327868852459
25.534426229508195
25.5327868852459
25.537704918032787
25.5327868852459
25.5327868852459
25.529508196721313
25.52622950819672
25.527868852459015
25.537704918032787
25.5327868852459
25.534426229508195
25.527868852459015
25.524590163934427
25.524590163934427
25.527868852459015
25.5327868852459
25.537704918032787
25.534426229508195
25.527868852459015
25.5327868852459
25.534426229508195
25.52622950819672
25.527868852459015
25.524590163934427
\
25.534426229508195
25.529508196721313
25.527868852459015
25.537704918032787
25.534426229508195
25.5327868852459
25.5327868852459
25.524590163934427
25.52622950819672
25.534426229508195
25.527868852459015
25.534426229508195
25.527868852459015
25.527868852459015
25.527868852459015
25.529508196721313
25.529508196721313
25.534426229508195
25.527868852459015
25.524590163934427
25.529508196721313
25.534426229508195
25.527868852459015
25.527868852459015
25.524590163934427
\
25.534426229508195
25.5327868852459
25.534426229508195
25.540983606557376
25.534426229508195
25.534426229508195
25.537704918032787
25.527868852459015
25.527868852459015
25.5327868852459
25.529508196721313
25.534426229508195
25.5327868852459
25.527868852459015
25.527868852459015
25.534426229508195
25.534426229508195
25.542622950819673
25.534426229508195
25.529508196721313
25.534426229508195
25.534426229508195
25.529508196721313
25.527868852459015
25.529508196721313
\
