25.531147540983607
25.540983606557376
25.54590163934426
25.537704918032787
25.536065573770493
25.536065573770493
25.527868852459015
25.524590163934427
25.527868852459015
25.5327868852459
25.534426229508195
25.527868852459015
25.536065573770493
25.536065573770493
25.527868852459015
25.531147540983607
25.527868852459015
25.527868852459015
25.524590163934427
25.527868852459015
25.52622950819672
\
25.518032786885247
25.5327868852459
25.53934426229508
25.527868852459015
25.524590163934427
25.524590163934427
25.51967213114754
25.521311475409835
25.521311475409835
25.527868852459015
25.524590163934427
25.51967213114754
25.522950819672133
25.521311475409835
25.51967213114754
25.522950819672133
25.51967213114754
25.521311475409835
25.521311475409835
25.516393442622952
25.508196721311474
\
25.521311475409835
25.529508196721313
25.53934426229508
25.529508196721313
25.524590163934427
25.521311475409835
25.521311475409835
25.51967213114754
25.522950819672133
25.524590163934427
25.524590163934427
25.518032786885247
25.521311475409835
25.521311475409835
25.51967213114754
25.521311475409835
25.518032786885247
25.51967213114754
25.51311475409836
25.508196721311474
25.518032786885247
\
25.524590163934427
25.534426229508195
25.536065573770493
25.522950819672133
25.521311475409835
25.524590163934427
25.522950819672133
25.521311475409835
25.522950819672133
25.521311475409835
25.524590163934427
25.521311475409835
25.522950819672133
25.521311475409835
25.518032786885247
25.521311475409835
25.518032786885247
25.521311475409835
25.509836065573772
25.516393442622952
25.51311475409836
\
25.537704918032787
25.5327868852459
25.534426229508195
25.536065573770493
25.521311475409835
25.5327868852459
25.5327868852459
25.522950819672133
25.521311475409835
25.522950819672133
25.522950819672133
25.521311475409835
25.521311475409835
25.52622950819672
25.522950819672133
25.521311475409835
25.52622950819672
25.518032786885247
25.516393442622952
25.521311475409835
25.51967213114754
25.521311475409835
25.508196721311474
25.518032786885247
25.51311475409836
\
25.542622950819673
25.536065573770493
25.53934426229508
25.540983606557376
25.527868852459015
25.536065573770493
25.53934426229508
25.527868852459015
25.524590163934427
25.52622950819672
25.531147540983607
25.527868852459015
25.527868852459015
25.529508196721313
25.524590163934427
25.521311475409835
25.521311475409835
25.521311475409835
25.52622950819672
25.527868852459015
25.521311475409835
25.521311475409835
25.518032786885247
25.51311475409836
25.51967213114754
\
25.54590163934426
25.542622950819673
25.547540983606556
25.54590163934426
25.52622950819672
25.536065573770493
25.540983606557376
25.529508196721313
25.524590163934427
25.527868852459015
25.52622950819672
25.531147540983607
25.531147540983607
25.531147540983607
25.527868852459015
25.522950819672133
25.524590163934427
25.524590163934427
25.529508196721313
25.5327868852459
25.524590163934427
25.522950819672133
25.521311475409835
25.522950819672133
25.516393442622952
\
25.542622950819673
25.537704918032787
25.549180327868854
25.54590163934426
25.52622950819672
25.536065573770493
25.536065573770493
25.531147540983607
25.527868852459015
25.524590163934427
25.522950819672133
25.521311475409835
25.524590163934427
25.531147540983607
25.527868852459015
25.522950819672133
25.524590163934427
25.524590163934427
25.531147540983607
25.534426229508195
25.52622950819672
25.524590163934427
25.521311475409835
25.521311475409835
25.521311475409835
\
25.549180327868854
25.542622950819673
25.549180327868854
25.542622950819673
25.52622950819672
25.5327868852459
25.542622950819673
25.534426229508195
25.527868852459015
25.52622950819672
25.521311475409835
25.521311475409835
25.52622950819672
25.531147540983607
25.529508196721313
25.529508196721313
25.522950819672133
25.527868852459015
25.531147540983607
25.534426229508195
25.52622950819672
25.527868852459015
25.521311475409835
25.52622950819672
25.521311475409835
\
25.54590163934426
25.542622950819673
25.547540983606556
25.542622950819673
25.52622950819672
25.534426229508195
25.540983606557376
25.531147540983607
25.527868852459015
25.527868852459015
25.522950819672133
25.516393442622952
25.524590163934427
25.536065573770493
25.529508196721313
25.527868852459015
25.527868852459015
25.531147540983607
25.531147540983607
25.534426229508195
25.522950819672133
25.52622950819672
25.522950819672133
25.521311475409835
25.521311475409835
\
25.549180327868854
25.54590163934426
25.549180327868854
25.54590163934426
25.531147540983607
25.537704918032787
25.53934426229508
25.529508196721313
25.529508196721313
25.531147540983607
25.524590163934427
25.522950819672133
25.524590163934427
25.536065573770493
25.536065573770493
25.534426229508195
25.527868852459015
25.531147540983607
25.531147540983607
25.536065573770493
25.527868852459015
25.527868852459015
25.522950819672133
25.521311475409835
25.518032786885247
\
25.547540983606556
25.53934426229508
25.542622950819673
25.540983606557376
25.527868852459015
25.5327868852459
25.537704918032787
25.527868852459015
25.521311475409835
25.522950819672133
25.522950819672133
25.51967213114754
25.521311475409835
25.5327868852459
25.5327868852459
25.52622950819672
25.527868852459015
25.527868852459015
25.527868852459015
25.5327868852459
25.527868852459015
25.524590163934427
25.516393442622952
25.521311475409835
25.516393442622952
\
25.549180327868854
25.540983606557376
25.549180327868854
25.54590163934426
25.527868852459015
25.534426229508195
25.5327868852459
25.527868852459015
25.527868852459015
25.531147540983607
25.529508196721313
25.527868852459015
25.527868852459015
25.534426229508195
25.534426229508195
25.529508196721313
25.536065573770493
25.5327868852459
25.527868852459015
25.536065573770493
25.52622950819672
25.521311475409835
25.522950819672133
25.521311475409835
25.51967213114754
\
25.54590163934426
25.540983606557376
25.54590163934426
25.542622950819673
25.527868852459015
25.531147540983607
25.537704918032787
25.531147540983607
25.531147540983607
25.529508196721313
25.534426229508195
25.529508196721313
25.531147540983607
25.536065573770493
25.53934426229508
25.524590163934427
25.529508196721313
25.531147540983607
25.531147540983607
25.527868852459015
25.524590163934427
25.522950819672133
25.521311475409835
25.518032786885247
25.518032786885247
\
25.534426229508195
25.531147540983607
25.542622950819673
25.53934426229508
25.531147540983607
25.5327868852459
25.534426229508195
25.52622950819672
25.524590163934427
25.527868852459015
25.527868852459015
25.529508196721313
25.531147540983607
25.537704918032787
25.534426229508195
25.5327868852459
25.531147540983607
25.527868852459015
25.524590163934427
25.527868852459015
25.524590163934427
25.522950819672133
25.521311475409835
25.51967213114754
25.516393442622952
\
25.540983606557376
25.529508196721313
25.536065573770493
25.534426229508195
25.52622950819672
25.5327868852459
25.534426229508195
25.52622950819672
25.524590163934427
25.524590163934427
25.527868852459015
25.52622950819672
25.529508196721313
25.5327868852459
25.531147540983607
25.529508196721313
25.531147540983607
25.527868852459015
25.521311475409835
25.524590163934427
25.521311475409835
25.521311475409835
25.516393442622952
25.521311475409835
25.508196721311474
\
