25.524590163934427
25.51967213114754
25.524590163934427
25.51967213114754
25.529508196721313
25.51311475409836
25.527868852459015
25.511475409836066
25.52622950819672
25.527868852459015
25.5
25.501639344262294
25.508196721311474
25.508196721311474
25.509836065573772
25.51311475409836
25.508196721311474
25.50655737704918
25.501639344262294
25.508196721311474
25.508196721311474
\
25.51967213114754
25.536065573770493
25.531147540983607
25.531147540983607
25.540983606557376
25.534426229508195
25.536065573770493
25.51967213114754
25.527868852459015
25.511475409836066
25.495081967213114
25.5
25.50655737704918
25.501639344262294
25.504918032786886
25.508196721311474
25.501639344262294
25.5
25.5
25.5
25.5
\
25.509836065573772
25.531147540983607
25.52622950819672
25.51967213114754
25.51967213114754
25.51967213114754
25.531147540983607
25.51311475409836
25.514754098360655
25.5
25.488524590163934
25.495081967213114
25.503278688524592
25.504918032786886
25.503278688524592
25.508196721311474
25.501639344262294
25.501639344262294
25.498360655737706
25.501639344262294
25.5
\
25.508196721311474
25.527868852459015
25.51967213114754
25.51967213114754
25.51967213114754
25.527868852459015
25.52622950819672
25.51967213114754
25.516393442622952
25.508196721311474
25.5
25.504918032786886
25.508196721311474
25.508196721311474
25.504918032786886
25.504918032786886
25.503278688524592
25.50655737704918
25.503278688524592
25.50655737704918
25.508196721311474
\
25.49672131147541
25.509836065573772
25.501639344262294
25.504918032786886
25.5
25.522950819672133
25.516393442622952
25.511475409836066
25.51311475409836
25.51967213114754
25.52622950819672
25.52622950819672
25.529508196721313
25.518032786885247
25.511475409836066
25.508196721311474
25.508196721311474
25.503278688524592
25.50655737704918
25.504918032786886
25.498360655737706
25.5
25.5
25.5
25.504918032786886
\
25.508196721311474
25.51311475409836
25.5
25.50655737704918
25.503278688524592
25.52622950819672
25.51967213114754
25.51311475409836
25.509836065573772
25.509836065573772
25.51967213114754
25.51311475409836
25.514754098360655
25.509836065573772
25.50655737704918
25.508196721311474
25.508196721311474
25.503278688524592
25.50655737704918
25.508196721311474
25.5
25.501639344262294
25.5
25.5
25.503278688524592
\
25.49344262295082
25.50655737704918
25.5
25.5
25.5
25.52622950819672
25.52622950819672
25.514754098360655
25.508196721311474
25.508196721311474
25.509836065573772
25.508196721311474
25.508196721311474
25.501639344262294
25.5
25.503278688524592
25.503278688524592
25.5
25.503278688524592
25.501639344262294
25.498360655737706
25.49672131147541
25.49672131147541
25.5
25.498360655737706
\
25.491803278688526
25.49672131147541
25.5
25.5
25.501639344262294
25.516393442622952
25.51967213114754
25.511475409836066
25.504918032786886
25.503278688524592
25.509836065573772
25.50655737704918
25.50655737704918
25.501639344262294
25.5
25.501639344262294
25.508196721311474
25.501639344262294
25.504918032786886
25.501639344262294
25.503278688524592
25.498360655737706
25.49672131147541
25.503278688524592
25.501639344262294
\
25.495081967213114
25.501639344262294
25.5
25.5
25.503278688524592
25.522950819672133
25.524590163934427
25.508196721311474
25.504918032786886
25.503278688524592
25.509836065573772
25.504918032786886
25.50655737704918
25.5
25.5
25.501639344262294
25.508196721311474
25.503278688524592
25.503278688524592
25.501639344262294
25.504918032786886
25.5
25.5
25.501639344262294
25.5
\
25.495081967213114
25.501639344262294
25.501639344262294
25.501639344262294
25.5
25.516393442622952
25.51967213114754
25.509836065573772
25.504918032786886
25.508196721311474
25.508196721311474
25.504918032786886
25.504918032786886
25.5
25.5
25.503278688524592
25.504918032786886
25.5
25.501639344262294
25.501639344262294
25.5
25.5
25.5
25.501639344262294
25.5
\
25.49672131147541
25.501639344262294
25.501639344262294
25.501639344262294
25.501639344262294
25.516393442622952
25.516393442622952
25.509836065573772
25.504918032786886
25.509836065573772
25.509836065573772
25.509836065573772
25.508196721311474
25.498360655737706
25.5
25.501639344262294
25.501639344262294
25.5
25.5
25.503278688524592
25.501639344262294
25.5
25.498360655737706
25.498360655737706
25.49672131147541
\
25.498360655737706
25.501639344262294
25.5
25.49672131147541
25.5
25.516393442622952
25.516393442622952
25.511475409836066
25.50655737704918
25.50655737704918
25.514754098360655
25.509836065573772
25.50655737704918
25.5
25.5
25.504918032786886
25.501639344262294
25.5
25.501639344262294
25.503278688524592
25.501639344262294
25.501639344262294
25.498360655737706
25.5
25.5
\
25.501639344262294
25.508196721311474
25.503278688524592
25.501639344262294
25.5
25.527868852459015
25.51967213114754
25.514754098360655
25.51311475409836
25.509836065573772
25.518032786885247
25.51311475409836
25.508196721311474
25.508196721311474
25.504918032786886
25.508196721311474
25.501639344262294
25.5
25.501639344262294
25.504918032786886
25.504918032786886
25.503278688524592
25.5
25.504918032786886
25.501639344262294
\
25.49672131147541
25.508196721311474
25.498360655737706
25.49672131147541
25.501639344262294
25.529508196721313
25.51967213114754
25.514754098360655
25.509836065573772
25.508196721311474
25.514754098360655
25.509836065573772
25.509836065573772
25.508196721311474
25.503278688524592
25.503278688524592
25.503278688524592
25.5
25.5
25.501639344262294
25.501639344262294
25.501639344262294
25.49672131147541
25.503278688524592
25.5
\
25.495081967213114
25.508196721311474
25.5
25.5
25.501639344262294
25.531147540983607
25.527868852459015
25.51311475409836
25.509836065573772
25.511475409836066
25.511475409836066
25.508196721311474
25.509836065573772
25.504918032786886
25.503278688524592
25.508196721311474
25.50655737704918
25.503278688524592
25.50655737704918
25.5
25.5
25.5
25.5
25.503278688524592
25.5
\
25.491803278688526
25.50655737704918
25.5
25.5
25.501639344262294
25.534426229508195
25.52622950819672
25.51311475409836
25.508196721311474
25.509836065573772
25.511475409836066
25.508196721311474
25.511475409836066
25.508196721311474
25.504918032786886
25.508196721311474
25.508196721311474
25.503278688524592
25.504918032786886
25.50655737704918
25.5
25.5
25.5
25.50655737704918
25.501639344262294
\
