25.5
25.501639344262294
25.504918032786886
25.501639344262294
25.495081967213114
25.501639344262294
25.498360655737706
25.5
25.49672131147541
25.495081967213114
25.498360655737706
25.498360655737706
25.495081967213114
25.5
25.498360655737706
25.495081967213114
25.490163934426228
25.5
25.498360655737706
25.5
25.495081967213114
\
25.495081967213114
25.498360655737706
25.498360655737706
25.495081967213114
25.48688524590164
25.49672131147541
25.495081967213114
25.495081967213114
25.490163934426228
25.488524590163934
25.491803278688526
25.495081967213114
25.48688524590164
25.49672131147541
25.495081967213114
25.488524590163934
25.485245901639345
25.495081967213114
25.495081967213114
25.491803278688526
25.490163934426228
\
25.49672131147541
25.498360655737706
25.498360655737706
25.498360655737706
25.491803278688526
25.498360655737706
25.495081967213114
25.491803278688526
25.490163934426228
25.490163934426228
25.495081967213114
25.495081967213114
25.491803278688526
25.498360655737706
25.49672131147541
25.490163934426228
25.485245901639345
25.495081967213114
25.495081967213114
25.488524590163934
25.490163934426228
\
25.504918032786886
25.503278688524592
25.501639344262294
25.498360655737706
25.49672131147541
25.501639344262294
25.498360655737706
25.49672131147541
25.495081967213114
25.491803278688526
25.498360655737706
25.501639344262294
25.49672131147541
25.503278688524592
25.5
25.491803278688526
25.48688524590164
25.498360655737706
25.498360655737706
25.49672131147541
25.495081967213114
\
25.498360655737706
25.5
25.504918032786886
25.51967213114754
25.51311475409836
25.514754098360655
25.51311475409836
25.501639344262294
25.495081967213114
25.503278688524592
25.501639344262294
25.5
25.501639344262294
25.495081967213114
25.501639344262294
25.5
25.501639344262294
25.504918032786886
25.501639344262294
25.495081967213114
25.491803278688526
25.5
25.501639344262294
25.503278688524592
25.501639344262294
\
25.501639344262294
25.501639344262294
25.504918032786886
25.521311475409835
25.518032786885247
25.514754098360655
25.508196721311474
25.501639344262294
25.49672131147541
25.5
25.5
25.501639344262294
25.501639344262294
25.498360655737706
25.501639344262294
25.5
25.498360655737706
25.504918032786886
25.501639344262294
25.498360655737706
25.491803278688526
25.503278688524592
25.501639344262294
25.503278688524592
25.504918032786886
\
25.501639344262294
25.501639344262294
25.508196721311474
25.518032786885247
25.518032786885247
25.508196721311474
25.508196721311474
25.5
25.495081967213114
25.501639344262294
25.498360655737706
25.501639344262294
25.504918032786886
25.5
25.501639344262294
25.5
25.498360655737706
25.504918032786886
25.5
25.495081967213114
25.495081967213114
25.504918032786886
25.504918032786886
25.5
25.504918032786886
\
25.501639344262294
25.501639344262294
25.508196721311474
25.521311475409835
25.514754098360655
25.514754098360655
25.508196721311474
25.498360655737706
25.495081967213114
25.49672131147541
25.498360655737706
25.498360655737706
25.504918032786886
25.5
25.504918032786886
25.503278688524592
25.5
25.503278688524592
25.501639344262294
25.495081967213114
25.49672131147541
25.501639344262294
25.504918032786886
25.503278688524592
25.504918032786886
\
25.501639344262294
25.501639344262294
25.508196721311474
25.51967213114754
25.508196721311474
25.504918032786886
25.514754098360655
25.501639344262294
25.49672131147541
25.498360655737706
25.5
25.5
25.503278688524592
25.5
25.508196721311474
25.508196721311474
25.501639344262294
25.504918032786886
25.504918032786886
25.49672131147541
25.495081967213114
25.504918032786886
25.508196721311474
25.51311475409836
25.504918032786886
\
25.501639344262294
25.503278688524592
25.514754098360655
25.521311475409835
25.518032786885247
25.51311475409836
25.51311475409836
25.501639344262294
25.498360655737706
25.5
25.501639344262294
25.5
25.504918032786886
25.504918032786886
25.516393442622952
25.514754098360655
25.508196721311474
25.514754098360655
25.504918032786886
25.5
25.498360655737706
25.508196721311474
25.508196721311474
25.516393442622952
25.514754098360655
\
25.498360655737706
25.5
25.504918032786886
25.51967213114754
25.514754098360655
25.508196721311474
25.508196721311474
25.501639344262294
25.495081967213114
25.5
25.5
25.5
25.503278688524592
25.504918032786886
25.516393442622952
25.514754098360655
25.508196721311474
25.516393442622952
25.508196721311474
25.498360655737706
25.498360655737706
25.508196721311474
25.508196721311474
25.514754098360655
25.514754098360655
\
25.495081967213114
25.498360655737706
25.5
25.518032786885247
25.516393442622952
25.508196721311474
25.508196721311474
25.501639344262294
25.491803278688526
25.49672131147541
25.498360655737706
25.498360655737706
25.501639344262294
25.501639344262294
25.51311475409836
25.508196721311474
25.504918032786886
25.518032786885247
25.504918032786886
25.498360655737706
25.5
25.503278688524592
25.504918032786886
25.51311475409836
25.508196721311474
\
25.495081967213114
25.5
25.501639344262294
25.51967213114754
25.518032786885247
25.518032786885247
25.504918032786886
25.501639344262294
25.495081967213114
25.501639344262294
25.498360655737706
25.5
25.501639344262294
25.503278688524592
25.508196721311474
25.508196721311474
25.504918032786886
25.518032786885247
25.508196721311474
25.5
25.498360655737706
25.501639344262294
25.504918032786886
25.51311475409836
25.508196721311474
\
25.495081967213114
25.5
25.501639344262294
25.51967213114754
25.514754098360655
25.514754098360655
25.514754098360655
25.504918032786886
25.5
25.504918032786886
25.504918032786886
25.504918032786886
25.508196721311474
25.503278688524592
25.516393442622952
25.51311475409836
25.508196721311474
25.508196721311474
25.504918032786886
25.498360655737706
25.495081967213114
25.504918032786886
25.503278688524592
25.504918032786886
25.504918032786886
\
25.498360655737706
25.501639344262294
25.503278688524592
25.518032786885247
25.51311475409836
25.514754098360655
25.514754098360655
25.508196721311474
25.504918032786886
25.504918032786886
25.504918032786886
25.504918032786886
25.508196721311474
25.504918032786886
25.508196721311474
25.51311475409836
25.504918032786886
25.508196721311474
25.504918032786886
25.498360655737706
25.495081967213114
25.501639344262294
25.501639344262294
25.504918032786886
25.501639344262294
\
25.498360655737706
25.498360655737706
25.503278688524592
25.521311475409835
25.516393442622952
25.508196721311474
25.51311475409836
25.508196721311474
25.498360655737706
25.501639344262294
25.501639344262294
25.501639344262294
25.501639344262294
25.501639344262294
25.503278688524592
25.504918032786886
25.5
25.504918032786886
25.504918032786886
25.49672131147541
25.495081967213114
25.501639344262294
25.5
25.498360655737706
25.5
\
