25.514754098360655
25.518032786885247
25.498360655737706
25.498360655737706
25.498360655737706
25.495081967213114
25.501639344262294
25.5
25.495081967213114
25.5
25.498360655737706
25.498360655737706
25.501639344262294
25.498360655737706
25.498360655737706
25.495081967213114
25.491803278688526
25.498360655737706
25.491803278688526
25.485245901639345
25.491803278688526
\
25.518032786885247
25.498360655737706
25.495081967213114
25.491803278688526
25.491803278688526
25.491803278688526
25.495081967213114
25.495081967213114
25.490163934426228
25.495081967213114
25.49344262295082
25.498360655737706
25.495081967213114
25.491803278688526
25.495081967213114
25.485245901639345
25.485245901639345
25.485245901639345
25.485245901639345
25.478688524590165
25.485245901639345
\
25.503278688524592
25.495081967213114
25.498360655737706
25.498360655737706
25.495081967213114
25.495081967213114
25.498360655737706
25.491803278688526
25.485245901639345
25.498360655737706
25.495081967213114
25.498360655737706
25.495081967213114
25.491803278688526
25.495081967213114
25.488524590163934
25.488524590163934
25.488524590163934
25.485245901639345
25.48032786885246
25.485245901639345
\
25.498360655737706
25.491803278688526
25.495081967213114
25.495081967213114
25.491803278688526
25.490163934426228
25.495081967213114
25.491803278688526
25.485245901639345
25.491803278688526
25.488524590163934
25.491803278688526
25.495081967213114
25.490163934426228
25.490163934426228
25.48688524590164
25.485245901639345
25.485245901639345
25.485245901639345
25.481967213114753
25.48688524590164
\
25.485245901639345
25.478688524590165
25.498360655737706
25.508196721311474
25.495081967213114
25.49344262295082
25.491803278688526
25.491803278688526
25.490163934426228
25.488524590163934
25.495081967213114
25.491803278688526
25.485245901639345
25.491803278688526
25.485245901639345
25.488524590163934
25.488524590163934
25.485245901639345
25.490163934426228
25.485245901639345
25.485245901639345
25.491803278688526
25.485245901639345
25.485245901639345
25.485245901639345
\
25.490163934426228
25.478688524590165
25.5
25.511475409836066
25.498360655737706
25.495081967213114
25.498360655737706
25.495081967213114
25.491803278688526
25.485245901639345
25.498360655737706
25.491803278688526
25.485245901639345
25.491803278688526
25.485245901639345
25.490163934426228
25.491803278688526
25.490163934426228
25.488524590163934
25.485245901639345
25.485245901639345
25.491803278688526
25.485245901639345
25.481967213114753
25.481967213114753
\
25.498360655737706
25.48032786885246
25.498360655737706
25.50655737704918
25.491803278688526
25.491803278688526
25.495081967213114
25.49344262295082
25.491803278688526
25.488524590163934
25.495081967213114
25.491803278688526
25.488524590163934
25.491803278688526
25.491803278688526
25.491803278688526
25.49344262295082
25.490163934426228
25.485245901639345
25.488524590163934
25.485245901639345
25.490163934426228
25.485245901639345
25.485245901639345
25.485245901639345
\
25.495081967213114
25.478688524590165
25.495081967213114
25.508196721311474
25.491803278688526
25.491803278688526
25.49344262295082
25.488524590163934
25.488524590163934
25.485245901639345
25.495081967213114
25.490163934426228
25.485245901639345
25.490163934426228
25.48688524590164
25.491803278688526
25.491803278688526
25.490163934426228
25.488524590163934
25.490163934426228
25.485245901639345
25.498360655737706
25.514754098360655
25.490163934426228
25.48688524590164
\
25.495081967213114
25.48032786885246
25.495081967213114
25.50655737704918
25.498360655737706
25.495081967213114
25.495081967213114
25.491803278688526
25.490163934426228
25.485245901639345
25.495081967213114
25.490163934426228
25.488524590163934
25.490163934426228
25.485245901639345
25.490163934426228
25.491803278688526
25.490163934426228
25.490163934426228
25.490163934426228
25.485245901639345
25.498360655737706
25.52622950819672
25.490163934426228
25.485245901639345
\
25.491803278688526
25.48032786885246
25.498360655737706
25.511475409836066
25.498360655737706
25.495081967213114
25.495081967213114
25.491803278688526
25.490163934426228
25.491803278688526
25.498360655737706
25.495081967213114
25.485245901639345
25.488524590163934
25.488524590163934
25.490163934426228
25.491803278688526
25.490163934426228
25.491803278688526
25.488524590163934
25.485245901639345
25.49344262295082
25.485245901639345
25.485245901639345
25.485245901639345
\
25.491803278688526
25.481967213114753
25.495081967213114
25.511475409836066
25.498360655737706
25.498360655737706
25.501639344262294
25.495081967213114
25.495081967213114
25.495081967213114
25.501639344262294
25.498360655737706
25.491803278688526
25.490163934426228
25.488524590163934
25.491803278688526
25.491803278688526
25.488524590163934
25.490163934426228
25.488524590163934
25.485245901639345
25.485245901639345
25.485245901639345
25.485245901639345
25.490163934426228
\
25.498360655737706
25.485245901639345
25.495081967213114
25.50655737704918
25.503278688524592
25.498360655737706
25.503278688524592
25.498360655737706
25.495081967213114
25.495081967213114
25.501639344262294
25.498360655737706
25.491803278688526
25.495081967213114
25.490163934426228
25.488524590163934
25.488524590163934
25.488524590163934
25.490163934426228
25.485245901639345
25.485245901639345
25.488524590163934
25.485245901639345
25.485245901639345
25.490163934426228
\
25.495081967213114
25.48032786885246
25.49344262295082
25.50655737704918
25.501639344262294
25.503278688524592
25.501639344262294
25.498360655737706
25.498360655737706
25.495081967213114
25.501639344262294
25.495081967213114
25.495081967213114
25.501639344262294
25.491803278688526
25.491803278688526
25.491803278688526
25.488524590163934
25.490163934426228
25.485245901639345
25.485245901639345
25.491803278688526
25.488524590163934
25.485245901639345
25.490163934426228
\
25.495081967213114
25.485245901639345
25.495081967213114
25.503278688524592
25.503278688524592
25.50655737704918
25.50655737704918
25.498360655737706
25.498360655737706
25.498360655737706
25.503278688524592
25.498360655737706
25.498360655737706
25.498360655737706
25.491803278688526
25.495081967213114
25.495081967213114
25.490163934426228
25.491803278688526
25.485245901639345
25.488524590163934
25.495081967213114
25.490163934426228
25.490163934426228
25.485245901639345
\
25.495081967213114
25.485245901639345
25.498360655737706
25.511475409836066
25.503278688524592
25.503278688524592
25.50655737704918
25.498360655737706
25.498360655737706
25.495081967213114
25.503278688524592
25.498360655737706
25.498360655737706
25.498360655737706
25.491803278688526
25.498360655737706
25.495081967213114
25.491803278688526
25.490163934426228
25.488524590163934
25.485245901639345
25.495081967213114
25.488524590163934
25.491803278688526
25.490163934426228
\
25.491803278688526
25.485245901639345
25.498360655737706
25.521311475409835
25.503278688524592
25.498360655737706
25.501639344262294
25.498360655737706
25.498360655737706
25.495081967213114
25.501639344262294
25.498360655737706
25.495081967213114
25.501639344262294
25.495081967213114
25.498360655737706
25.498360655737706
25.491803278688526
25.491803278688526
25.491803278688526
25.488524590163934
25.498360655737706
25.495081967213114
25.491803278688526
25.491803278688526
\
