25.49344262295082
25.48688524590164
25.481967213114753
25.459016393442624
25.51967213114754
25.562295081967214
25.555737704918034
25.547540983606556
25.552459016393442
25.554098360655736
25.555737704918034
25.547540983606556
25.552459016393442
25.557377049180328
25.549180327868854
25.554098360655736
25.554098360655736
25.562295081967214
25.547540983606556
25.555737704918034
25.552459016393442
\
25.557377049180328
25.560655737704916
25.557377049180328
25.555737704918034
25.549180327868854
25.555737704918034
25.550819672131148
25.547540983606556
25.552459016393442
25.549180327868854
25.550819672131148
25.544262295081968
25.547540983606556
25.547540983606556
25.547540983606556
25.542622950819673
25.547540983606556
25.549180327868854
25.53934426229508
25.547540983606556
25.542622950819673
\
25.567213114754097
25.555737704918034
25.550819672131148
25.550819672131148
25.547540983606556
25.555737704918034
25.554098360655736
25.544262295081968
25.547540983606556
25.547540983606556
25.550819672131148
25.544262295081968
25.547540983606556
25.547540983606556
25.544262295081968
25.544262295081968
25.547540983606556
25.549180327868854
25.53934426229508
25.547540983606556
25.540983606557376
\
25.555737704918034
25.547540983606556
25.54590163934426
25.54590163934426
25.537704918032787
25.549180327868854
25.547540983606556
25.544262295081968
25.544262295081968
25.53934426229508
25.54590163934426
25.537704918032787
25.544262295081968
25.54590163934426
25.53934426229508
25.542622950819673
25.54590163934426
25.547540983606556
25.537704918032787
25.54590163934426
25.542622950819673
\
25.547540983606556
25.542622950819673
25.542622950819673
25.547540983606556
25.554098360655736
25.54590163934426
25.540983606557376
25.540983606557376
25.537704918032787
25.54590163934426
25.547540983606556
25.540983606557376
25.547540983606556
25.544262295081968
25.540983606557376
25.529508196721313
25.54590163934426
25.544262295081968
25.542622950819673
25.53934426229508
25.542622950819673
25.549180327868854
25.529508196721313
25.542622950819673
25.540983606557376
\
25.54590163934426
25.537704918032787
25.544262295081968
25.550819672131148
25.554098360655736
25.547540983606556
25.529508196721313
25.540983606557376
25.53934426229508
25.54590163934426
25.544262295081968
25.542622950819673
25.547540983606556
25.542622950819673
25.542622950819673
25.527868852459015
25.540983606557376
25.540983606557376
25.537704918032787
25.531147540983607
25.542622950819673
25.544262295081968
25.529508196721313
25.531147540983607
25.537704918032787
\
25.54590163934426
25.537704918032787
25.540983606557376
25.542622950819673
25.549180327868854
25.540983606557376
25.527868852459015
25.537704918032787
25.529508196721313
25.537704918032787
25.53934426229508
25.531147540983607
25.54590163934426
25.544262295081968
25.544262295081968
25.521311475409835
25.529508196721313
25.531147540983607
25.527868852459015
25.529508196721313
25.537704918032787
25.537704918032787
25.527868852459015
25.527868852459015
25.52622950819672
\
25.540983606557376
25.537704918032787
25.542622950819673
25.540983606557376
25.549180327868854
25.540983606557376
25.527868852459015
25.527868852459015
25.527868852459015
25.527868852459015
25.537704918032787
25.529508196721313
25.544262295081968
25.53934426229508
25.542622950819673
25.527868852459015
25.537704918032787
25.531147540983607
25.527868852459015
25.529508196721313
25.5327868852459
25.544262295081968
25.521311475409835
25.529508196721313
25.527868852459015
\
25.529508196721313
25.527868852459015
25.531147540983607
25.53934426229508
25.544262295081968
25.537704918032787
25.527868852459015
25.527868852459015
25.527868852459015
25.527868852459015
25.537704918032787
25.527868852459015
25.540983606557376
25.540983606557376
25.542622950819673
25.527868852459015
25.537704918032787
25.529508196721313
25.527868852459015
25.527868852459015
25.531147540983607
25.537704918032787
25.518032786885247
25.527868852459015
25.52622950819672
\
25.537704918032787
25.529508196721313
25.540983606557376
25.53934426229508
25.547540983606556
25.531147540983607
25.531147540983607
25.529508196721313
25.527868852459015
25.529508196721313
25.537704918032787
25.529508196721313
25.537704918032787
25.54590163934426
25.547540983606556
25.531147540983607
25.540983606557376
25.53934426229508
25.529508196721313
25.529508196721313
25.537704918032787
25.537704918032787
25.527868852459015
25.52622950819672
25.527868852459015
\
25.542622950819673
25.537704918032787
25.537704918032787
25.53934426229508
25.547540983606556
25.540983606557376
25.529508196721313
25.529508196721313
25.52622950819672
25.537704918032787
25.540983606557376
25.529508196721313
25.537704918032787
25.542622950819673
25.549180327868854
25.537704918032787
25.544262295081968
25.542622950819673
25.537704918032787
25.529508196721313
25.544262295081968
25.542622950819673
25.527868852459015
25.52622950819672
25.52622950819672
\
25.542622950819673
25.537704918032787
25.537704918032787
25.540983606557376
25.549180327868854
25.544262295081968
25.531147540983607
25.537704918032787
25.527868852459015
25.531147540983607
25.537704918032787
25.527868852459015
25.540983606557376
25.542622950819673
25.550819672131148
25.53934426229508
25.54590163934426
25.54590163934426
25.531147540983607
25.537704918032787
25.542622950819673
25.544262295081968
25.527868852459015
25.529508196721313
25.527868852459015
\
25.54590163934426
25.531147540983607
25.529508196721313
25.54590163934426
25.552459016393442
25.547540983606556
25.537704918032787
25.537704918032787
25.537704918032787
25.542622950819673
25.544262295081968
25.53934426229508
25.544262295081968
25.547540983606556
25.550819672131148
25.53934426229508
25.547540983606556
25.547540983606556
25.542622950819673
25.542622950819673
25.54590163934426
25.547540983606556
25.529508196721313
25.527868852459015
25.527868852459015
\
25.547540983606556
25.540983606557376
25.54590163934426
25.547540983606556
25.555737704918034
25.549180327868854
25.544262295081968
25.549180327868854
25.54590163934426
25.552459016393442
25.555737704918034
25.547540983606556
25.550819672131148
25.550819672131148
25.555737704918034
25.544262295081968
25.549180327868854
25.547540983606556
25.547540983606556
25.54590163934426
25.549180327868854
25.549180327868854
25.531147540983607
25.531147540983607
25.537704918032787
\
25.544262295081968
25.542622950819673
25.53934426229508
25.54590163934426
25.555737704918034
25.550819672131148
25.547540983606556
25.549180327868854
25.547540983606556
25.549180327868854
25.555737704918034
25.550819672131148
25.557377049180328
25.552459016393442
25.552459016393442
25.542622950819673
25.542622950819673
25.54590163934426
25.542622950819673
25.53934426229508
25.544262295081968
25.547540983606556
25.527868852459015
25.531147540983607
25.529508196721313
\
25.544262295081968
25.537704918032787
25.540983606557376
25.54590163934426
25.555737704918034
25.552459016393442
25.549180327868854
25.554098360655736
25.547540983606556
25.549180327868854
25.555737704918034
25.547540983606556
25.555737704918034
25.554098360655736
25.552459016393442
25.544262295081968
25.54590163934426
25.549180327868854
25.54590163934426
25.540983606557376
25.547540983606556
25.54590163934426
25.527868852459015
25.544262295081968
25.529508196721313
\
