25.485245901639345
25.598360655737704
25.59672131147541
25.568852459016394
25.572131147540983
25.552459016393442
25.552459016393442
25.552459016393442
25.559016393442622
25.552459016393442
25.557377049180328
25.557377049180328
25.552459016393442
25.550819672131148
25.552459016393442
25.542622950819673
25.562295081967214
25.562295081967214
25.542622950819673
25.501639344262294
25.501639344262294
\
25.49344262295082
25.59344262295082
25.585245901639343
25.557377049180328
25.557377049180328
25.549180327868854
25.549180327868854
25.542622950819673
25.540983606557376
25.53934426229508
25.540983606557376
25.542622950819673
25.53934426229508
25.5327868852459
25.540983606557376
25.531147540983607
25.549180327868854
25.537704918032787
25.516393442622952
25.514754098360655
25.5
\
25.549180327868854
25.58360655737705
25.57704918032787
25.557377049180328
25.557377049180328
25.552459016393442
25.559016393442622
25.557377049180328
25.552459016393442
25.549180327868854
25.549180327868854
25.549180327868854
25.544262295081968
25.549180327868854
25.549180327868854
25.542622950819673
25.552459016393442
25.537704918032787
25.537704918032787
25.540983606557376
25.52622950819672
\
25.575409836065575
25.58032786885246
25.57704918032787
25.557377049180328
25.565573770491802
25.565573770491802
25.562295081967214
25.557377049180328
25.552459016393442
25.557377049180328
25.552459016393442
25.552459016393442
25.552459016393442
25.549180327868854
25.557377049180328
25.544262295081968
25.557377049180328
25.544262295081968
25.540983606557376
25.549180327868854
25.540983606557376
\
25.549180327868854
25.557377049180328
25.557377049180328
25.58032786885246
25.568852459016394
25.572131147540983
25.572131147540983
25.562295081967214
25.565573770491802
25.572131147540983
25.572131147540983
25.568852459016394
25.557377049180328
25.557377049180328
25.554098360655736
25.559016393442622
25.552459016393442
25.552459016393442
25.557377049180328
25.542622950819673
25.565573770491802
25.54590163934426
25.53934426229508
25.549180327868854
25.544262295081968
\
25.54590163934426
25.552459016393442
25.557377049180328
25.58032786885246
25.572131147540983
25.565573770491802
25.572131147540983
25.562295081967214
25.568852459016394
25.575409836065575
25.58032786885246
25.57049180327869
25.552459016393442
25.557377049180328
25.549180327868854
25.557377049180328
25.552459016393442
25.552459016393442
25.557377049180328
25.540983606557376
25.559016393442622
25.542622950819673
25.540983606557376
25.537704918032787
25.54590163934426
\
25.549180327868854
25.552459016393442
25.552459016393442
25.575409836065575
25.568852459016394
25.568852459016394
25.572131147540983
25.562295081967214
25.568852459016394
25.568852459016394
25.575409836065575
25.575409836065575
25.552459016393442
25.552459016393442
25.549180327868854
25.557377049180328
25.552459016393442
25.552459016393442
25.552459016393442
25.542622950819673
25.562295081967214
25.544262295081968
25.53934426229508
25.522950819672133
25.59672131147541
\
25.552459016393442
25.557377049180328
25.557377049180328
25.575409836065575
25.575409836065575
25.572131147540983
25.575409836065575
25.565573770491802
25.575409836065575
25.575409836065575
25.58360655737705
25.57704918032787
25.562295081967214
25.557377049180328
25.557377049180328
25.559016393442622
25.555737704918034
25.557377049180328
25.557377049180328
25.544262295081968
25.568852459016394
25.547540983606556
25.540983606557376
25.537704918032787
25.549180327868854
\
25.549180327868854
25.552459016393442
25.557377049180328
25.58360655737705
25.58032786885246
25.572131147540983
25.572131147540983
25.557377049180328
25.568852459016394
25.575409836065575
25.578688524590163
25.57704918032787
25.557377049180328
25.549180327868854
25.557377049180328
25.557377049180328
25.552459016393442
25.555737704918034
25.555737704918034
25.537704918032787
25.557377049180328
25.549180327868854
25.53934426229508
25.53934426229508
25.522950819672133
\
25.557377049180328
25.552459016393442
25.557377049180328
25.58032786885246
25.58032786885246
25.575409836065575
25.575409836065575
25.562295081967214
25.572131147540983
25.57704918032787
25.58360655737705
25.58032786885246
25.562295081967214
25.552459016393442
25.552459016393442
25.562295081967214
25.559016393442622
25.557377049180328
25.552459016393442
25.542622950819673
25.565573770491802
25.54590163934426
25.53934426229508
25.542622950819673
25.53934426229508
\
25.555737704918034
25.557377049180328
25.562295081967214
25.58360655737705
25.58360655737705
25.58032786885246
25.58360655737705
25.565573770491802
25.58032786885246
25.58360655737705
25.58032786885246
25.58360655737705
25.562295081967214
25.552459016393442
25.557377049180328
25.559016393442622
25.557377049180328
25.555737704918034
25.559016393442622
25.542622950819673
25.557377049180328
25.549180327868854
25.542622950819673
25.547540983606556
25.537704918032787
\
25.557377049180328
25.557377049180328
25.559016393442622
25.58360655737705
25.58360655737705
25.57704918032787
25.585245901639343
25.568852459016394
25.572131147540983
25.575409836065575
25.585245901639343
25.58360655737705
25.565573770491802
25.562295081967214
25.557377049180328
25.559016393442622
25.562295081967214
25.557377049180328
25.562295081967214
25.53934426229508
25.562295081967214
25.54590163934426
25.540983606557376
25.549180327868854
25.53934426229508
\
25.557377049180328
25.562295081967214
25.557377049180328
25.588524590163935
25.585245901639343
25.58360655737705
25.59344262295082
25.572131147540983
25.58032786885246
25.581967213114755
25.588524590163935
25.588524590163935
25.575409836065575
25.572131147540983
25.568852459016394
25.562295081967214
25.559016393442622
25.562295081967214
25.562295081967214
25.547540983606556
25.568852459016394
25.552459016393442
25.54590163934426
25.552459016393442
25.542622950819673
\
25.557377049180328
25.562295081967214
25.562295081967214
25.59344262295082
25.59344262295082
25.57704918032787
25.58360655737705
25.57704918032787
25.58360655737705
25.585245901639343
25.58360655737705
25.588524590163935
25.585245901639343
25.575409836065575
25.575409836065575
25.568852459016394
25.565573770491802
25.565573770491802
25.562295081967214
25.552459016393442
25.572131147540983
25.552459016393442
25.544262295081968
25.552459016393442
25.552459016393442
\
25.552459016393442
25.562295081967214
25.565573770491802
25.59344262295082
25.588524590163935
25.575409836065575
25.58032786885246
25.568852459016394
25.57704918032787
25.58032786885246
25.58032786885246
25.581967213114755
25.57704918032787
25.575409836065575
25.572131147540983
25.565573770491802
25.562295081967214
25.562295081967214
25.557377049180328
25.552459016393442
25.568852459016394
25.549180327868854
25.544262295081968
25.549180327868854
25.542622950819673
\
25.552459016393442
25.557377049180328
25.568852459016394
25.588524590163935
25.585245901639343
25.58032786885246
25.575409836065575
25.565573770491802
25.575409836065575
25.58360655737705
25.585245901639343
25.585245901639343
25.568852459016394
25.575409836065575
25.575409836065575
25.568852459016394
25.562295081967214
25.559016393442622
25.557377049180328
25.54590163934426
25.565573770491802
25.54590163934426
25.549180327868854
25.544262295081968
25.542622950819673
\
