25.552459016393442
25.542622950819673
25.540983606557376
25.529508196721313
25.529508196721313
25.536065573770493
25.536065573770493
25.540983606557376
25.536065573770493
25.531147540983607
25.531147540983607
25.5327868852459
25.529508196721313
25.536065573770493
25.540983606557376
25.531147540983607
25.527868852459015
25.534426229508195
25.527868852459015
25.52622950819672
25.529508196721313
\
25.540983606557376
25.5327868852459
25.531147540983607
25.52622950819672
25.524590163934427
25.527868852459015
25.52622950819672
25.529508196721313
25.521311475409835
25.51967213114754
25.51967213114754
25.51967213114754
25.521311475409835
25.521311475409835
25.52622950819672
25.516393442622952
25.516393442622952
25.516393442622952
25.514754098360655
25.509836065573772
25.514754098360655
\
25.547540983606556
25.534426229508195
25.534426229508195
25.527868852459015
25.52622950819672
25.529508196721313
25.531147540983607
25.529508196721313
25.52622950819672
25.51967213114754
25.51967213114754
25.524590163934427
25.521311475409835
25.51967213114754
25.51967213114754
25.516393442622952
25.516393442622952
25.521311475409835
25.516393442622952
25.514754098360655
25.51967213114754
\
25.547540983606556
25.536065573770493
25.531147540983607
25.527868852459015
25.51967213114754
25.534426229508195
25.534426229508195
25.527868852459015
25.522950819672133
25.516393442622952
25.516393442622952
25.521311475409835
25.51967213114754
25.51967213114754
25.51967213114754
25.514754098360655
25.521311475409835
25.527868852459015
25.516393442622952
25.516393442622952
25.522950819672133
\
25.527868852459015
25.51967213114754
25.527868852459015
25.54590163934426
25.547540983606556
25.536065573770493
25.536065573770493
25.527868852459015
25.524590163934427
25.531147540983607
25.531147540983607
25.527868852459015
25.51967213114754
25.511475409836066
25.514754098360655
25.516393442622952
25.51967213114754
25.51967213114754
25.51967213114754
25.51311475409836
25.524590163934427
25.527868852459015
25.516393442622952
25.51967213114754
25.52622950819672
\
25.529508196721313
25.51967213114754
25.527868852459015
25.547540983606556
25.542622950819673
25.536065573770493
25.536065573770493
25.529508196721313
25.52622950819672
25.529508196721313
25.536065573770493
25.527868852459015
25.522950819672133
25.51311475409836
25.516393442622952
25.516393442622952
25.51967213114754
25.51967213114754
25.521311475409835
25.51311475409836
25.527868852459015
25.524590163934427
25.51967213114754
25.51967213114754
25.527868852459015
\
25.531147540983607
25.527868852459015
25.540983606557376
25.547540983606556
25.547540983606556
25.534426229508195
25.536065573770493
25.529508196721313
25.527868852459015
25.529508196721313
25.536065573770493
25.534426229508195
25.522950819672133
25.51967213114754
25.516393442622952
25.521311475409835
25.521311475409835
25.524590163934427
25.51967213114754
25.51967213114754
25.527868852459015
25.531147540983607
25.521311475409835
25.516393442622952
25.527868852459015
\
25.536065573770493
25.52622950819672
25.534426229508195
25.54590163934426
25.542622950819673
25.536065573770493
25.53934426229508
25.527868852459015
25.524590163934427
25.527868852459015
25.536065573770493
25.531147540983607
25.521311475409835
25.516393442622952
25.516393442622952
25.522950819672133
25.521311475409835
25.52622950819672
25.527868852459015
25.522950819672133
25.5327868852459
25.529508196721313
25.522950819672133
25.51967213114754
25.527868852459015
\
25.536065573770493
25.527868852459015
25.534426229508195
25.54590163934426
25.547540983606556
25.536065573770493
25.536065573770493
25.527868852459015
25.52622950819672
25.529508196721313
25.531147540983607
25.527868852459015
25.52622950819672
25.516393442622952
25.516393442622952
25.521311475409835
25.524590163934427
25.524590163934427
25.529508196721313
25.524590163934427
25.531147540983607
25.536065573770493
25.527868852459015
25.527868852459015
25.531147540983607
\
25.529508196721313
25.52622950819672
25.529508196721313
25.54590163934426
25.54590163934426
25.534426229508195
25.536065573770493
25.522950819672133
25.51967213114754
25.529508196721313
25.527868852459015
25.529508196721313
25.52622950819672
25.514754098360655
25.516393442622952
25.524590163934427
25.521311475409835
25.51967213114754
25.527868852459015
25.522950819672133
25.531147540983607
25.534426229508195
25.52622950819672
25.52622950819672
25.529508196721313
\
25.527868852459015
25.52622950819672
25.531147540983607
25.549180327868854
25.547540983606556
25.536065573770493
25.536065573770493
25.524590163934427
25.527868852459015
25.5327868852459
25.534426229508195
25.540983606557376
25.52622950819672
25.514754098360655
25.516393442622952
25.524590163934427
25.516393442622952
25.51967213114754
25.527868852459015
25.524590163934427
25.536065573770493
25.536065573770493
25.527868852459015
25.524590163934427
25.531147540983607
\
25.529508196721313
25.524590163934427
25.531147540983607
25.554098360655736
25.552459016393442
25.529508196721313
25.540983606557376
25.527868852459015
25.52622950819672
25.529508196721313
25.531147540983607
25.534426229508195
25.527868852459015
25.51311475409836
25.516393442622952
25.521311475409835
25.516393442622952
25.51967213114754
25.524590163934427
25.521311475409835
25.534426229508195
25.529508196721313
25.527868852459015
25.524590163934427
25.529508196721313
\
25.524590163934427
25.521311475409835
25.527868852459015
25.552459016393442
25.552459016393442
25.536065573770493
25.536065573770493
25.527868852459015
25.527868852459015
25.529508196721313
25.529508196721313
25.534426229508195
25.529508196721313
25.521311475409835
25.521311475409835
25.521311475409835
25.514754098360655
25.521311475409835
25.521311475409835
25.51967213114754
25.529508196721313
25.527868852459015
25.527868852459015
25.52622950819672
25.531147540983607
\
25.534426229508195
25.527868852459015
25.527868852459015
25.544262295081968
25.542622950819673
25.536065573770493
25.534426229508195
25.52622950819672
25.52622950819672
25.529508196721313
25.536065573770493
25.534426229508195
25.531147540983607
25.522950819672133
25.51967213114754
25.522950819672133
25.516393442622952
25.521311475409835
25.52622950819672
25.521311475409835
25.531147540983607
25.534426229508195
25.527868852459015
25.524590163934427
25.527868852459015
\
25.547540983606556
25.536065573770493
25.527868852459015
25.52622950819672
25.529508196721313
25.536065573770493
25.534426229508195
25.52622950819672
25.527868852459015
25.5327868852459
25.536065573770493
25.536065573770493
25.536065573770493
25.52622950819672
25.51967213114754
25.527868852459015
25.51967213114754
25.524590163934427
25.52622950819672
25.521311475409835
25.527868852459015
25.527868852459015
25.52622950819672
25.521311475409835
25.52622950819672
\
25.547540983606556
25.540983606557376
25.529508196721313
25.527868852459015
25.531147540983607
25.531147540983607
25.536065573770493
25.524590163934427
25.521311475409835
25.529508196721313
25.529508196721313
25.531147540983607
25.527868852459015
25.51967213114754
25.51967213114754
25.521311475409835
25.521311475409835
25.521311475409835
25.527868852459015
25.51967213114754
25.529508196721313
25.527868852459015
25.522950819672133
25.51967213114754
25.51967213114754
\
