25.522950819672133
25.51967213114754
25.521311475409835
25.521311475409835
25.518032786885247
25.521311475409835
25.521311475409835
25.521311475409835
25.518032786885247
25.521311475409835
25.521311475409835
25.51967213114754
25.522950819672133
25.521311475409835
25.521311475409835
25.51967213114754
25.518032786885247
25.518032786885247
25.518032786885247
25.518032786885247
25.51967213114754
\
25.518032786885247
25.516393442622952
25.516393442622952
25.518032786885247
25.514754098360655
25.516393442622952
25.50655737704918
25.508196721311474
25.514754098360655
25.514754098360655
25.514754098360655
25.516393442622952
25.518032786885247
25.516393442622952
25.516393442622952
25.50655737704918
25.50655737704918
25.514754098360655
25.50655737704918
25.50655737704918
25.516393442622952
\
25.51967213114754
25.516393442622952
25.516393442622952
25.516393442622952
25.514754098360655
25.518032786885247
25.518032786885247
25.516393442622952
25.514754098360655
25.516393442622952
25.516393442622952
25.516393442622952
25.521311475409835
25.518032786885247
25.518032786885247
25.50655737704918
25.514754098360655
25.508196721311474
25.516393442622952
25.50655737704918
25.518032786885247
\
25.522950819672133
25.516393442622952
25.518032786885247
25.518032786885247
25.516393442622952
25.529508196721313
25.529508196721313
25.529508196721313
25.529508196721313
25.521311475409835
25.527868852459015
25.521311475409835
25.529508196721313
25.522950819672133
25.51967213114754
25.516393442622952
25.518032786885247
25.518032786885247
25.51967213114754
25.516393442622952
25.518032786885247
\
25.516393442622952
25.516393442622952
25.521311475409835
25.518032786885247
25.522950819672133
25.516393442622952
25.518032786885247
25.521311475409835
25.518032786885247
25.529508196721313
25.529508196721313
25.534426229508195
25.529508196721313
25.5327868852459
25.5327868852459
25.527868852459015
25.534426229508195
25.5327868852459
25.524590163934427
25.51967213114754
25.518032786885247
25.518032786885247
25.518032786885247
25.518032786885247
25.522950819672133
\
25.524590163934427
25.518032786885247
25.521311475409835
25.521311475409835
25.529508196721313
25.516393442622952
25.518032786885247
25.518032786885247
25.518032786885247
25.522950819672133
25.534426229508195
25.536065573770493
25.5327868852459
25.5327868852459
25.529508196721313
25.527868852459015
25.534426229508195
25.534426229508195
25.5327868852459
25.521311475409835
25.521311475409835
25.521311475409835
25.521311475409835
25.51967213114754
25.521311475409835
\
25.521311475409835
25.516393442622952
25.521311475409835
25.521311475409835
25.524590163934427
25.51967213114754
25.51967213114754
25.521311475409835
25.518032786885247
25.524590163934427
25.529508196721313
25.536065573770493
25.536065573770493
25.536065573770493
25.536065573770493
25.534426229508195
25.536065573770493
25.536065573770493
25.536065573770493
25.529508196721313
25.529508196721313
25.522950819672133
25.522950819672133
25.527868852459015
25.529508196721313
\
25.521311475409835
25.516393442622952
25.51967213114754
25.51967213114754
25.524590163934427
25.527868852459015
25.529508196721313
25.536065573770493
25.521311475409835
25.518032786885247
25.51967213114754
25.527868852459015
25.5327868852459
25.54590163934426
25.540983606557376
25.536065573770493
25.542622950819673
25.536065573770493
25.536065573770493
25.5327868852459
25.529508196721313
25.5327868852459
25.527868852459015
25.529508196721313
25.529508196721313
\
25.521311475409835
25.516393442622952
25.518032786885247
25.518032786885247
25.518032786885247
25.518032786885247
25.5327868852459
25.534426229508195
25.518032786885247
25.518032786885247
25.518032786885247
25.521311475409835
25.529508196721313
25.540983606557376
25.542622950819673
25.540983606557376
25.540983606557376
25.540983606557376
25.534426229508195
25.522950819672133
25.521311475409835
25.521311475409835
25.527868852459015
25.534426229508195
25.529508196721313
\
25.521311475409835
25.518032786885247
25.51967213114754
25.521311475409835
25.522950819672133
25.521311475409835
25.540983606557376
25.534426229508195
25.518032786885247
25.521311475409835
25.518032786885247
25.529508196721313
25.527868852459015
25.540983606557376
25.536065573770493
25.542622950819673
25.542622950819673
25.536065573770493
25.540983606557376
25.529508196721313
25.529508196721313
25.529508196721313
25.5327868852459
25.5327868852459
25.527868852459015
\
25.529508196721313
25.521311475409835
25.529508196721313
25.522950819672133
25.534426229508195
25.534426229508195
25.536065573770493
25.534426229508195
25.518032786885247
25.5327868852459
25.529508196721313
25.5327868852459
25.529508196721313
25.534426229508195
25.54590163934426
25.552459016393442
25.552459016393442
25.540983606557376
25.542622950819673
25.534426229508195
25.534426229508195
25.534426229508195
25.536065573770493
25.534426229508195
25.534426229508195
\
25.51967213114754
25.518032786885247
25.527868852459015
25.522950819672133
25.529508196721313
25.529508196721313
25.529508196721313
25.529508196721313
25.518032786885247
25.529508196721313
25.529508196721313
25.529508196721313
25.521311475409835
25.534426229508195
25.536065573770493
25.536065573770493
25.549180327868854
25.542622950819673
25.534426229508195
25.529508196721313
25.536065573770493
25.529508196721313
25.529508196721313
25.5327868852459
25.529508196721313
\
25.522950819672133
25.51967213114754
25.5327868852459
25.534426229508195
25.542622950819673
25.534426229508195
25.534426229508195
25.5327868852459
25.529508196721313
25.534426229508195
25.536065573770493
25.536065573770493
25.5327868852459
25.536065573770493
25.549180327868854
25.540983606557376
25.554098360655736
25.550819672131148
25.54590163934426
25.536065573770493
25.536065573770493
25.536065573770493
25.536065573770493
25.5327868852459
25.534426229508195
\
25.529508196721313
25.51967213114754
25.529508196721313
25.534426229508195
25.536065573770493
25.534426229508195
25.536065573770493
25.534426229508195
25.5327868852459
25.54590163934426
25.54590163934426
25.54590163934426
25.536065573770493
25.536065573770493
25.550819672131148
25.550819672131148
25.550819672131148
25.552459016393442
25.54590163934426
25.536065573770493
25.542622950819673
25.536065573770493
25.536065573770493
25.536065573770493
25.536065573770493
\
25.521311475409835
25.518032786885247
25.5327868852459
25.529508196721313
25.536065573770493
25.536065573770493
25.536065573770493
25.54590163934426
25.536065573770493
25.550819672131148
25.554098360655736
25.552459016393442
25.542622950819673
25.54590163934426
25.550819672131148
25.550819672131148
25.552459016393442
25.54590163934426
25.542622950819673
25.534426229508195
25.534426229508195
25.536065573770493
25.536065573770493
25.536065573770493
25.540983606557376
\
25.521311475409835
25.518032786885247
25.5327868852459
25.534426229508195
25.536065573770493
25.536065573770493
25.540983606557376
25.54590163934426
25.536065573770493
25.54590163934426
25.54590163934426
25.540983606557376
25.54590163934426
25.54590163934426
25.550819672131148
25.550819672131148
25.552459016393442
25.552459016393442
25.549180327868854
25.5327868852459
25.534426229508195
25.536065573770493
25.536065573770493
25.540983606557376
25.54590163934426
\
