25.52622950819672
25.527868852459015
25.534426229508195
25.534426229508195
25.527868852459015
25.536065573770493
25.527868852459015
25.527868852459015
25.522950819672133
25.522950819672133
25.522950819672133
25.52622950819672
25.521311475409835
25.52622950819672
25.52622950819672
25.52622950819672
25.51967213114754
25.52622950819672
25.51311475409836
25.527868852459015
25.522950819672133
\
25.521311475409835
25.51967213114754
25.522950819672133
25.527868852459015
25.521311475409835
25.522950819672133
25.521311475409835
25.521311475409835
25.516393442622952
25.514754098360655
25.51311475409836
25.514754098360655
25.511475409836066
25.516393442622952
25.51967213114754
25.51967213114754
25.511475409836066
25.518032786885247
25.508196721311474
25.51311475409836
25.51311475409836
\
25.522950819672133
25.521311475409835
25.521311475409835
25.52622950819672
25.521311475409835
25.521311475409835
25.516393442622952
25.516393442622952
25.516393442622952
25.516393442622952
25.508196721311474
25.51311475409836
25.504918032786886
25.51311475409836
25.516393442622952
25.51311475409836
25.504918032786886
25.511475409836066
25.504918032786886
25.508196721311474
25.508196721311474
\
25.527868852459015
25.52622950819672
25.52622950819672
25.521311475409835
25.521311475409835
25.521311475409835
25.51967213114754
25.516393442622952
25.516393442622952
25.516393442622952
25.508196721311474
25.51311475409836
25.508196721311474
25.51967213114754
25.51967213114754
25.51311475409836
25.508196721311474
25.514754098360655
25.508196721311474
25.511475409836066
25.508196721311474
\
25.51967213114754
25.521311475409835
25.52622950819672
25.527868852459015
25.534426229508195
25.52622950819672
25.521311475409835
25.521311475409835
25.516393442622952
25.516393442622952
25.521311475409835
25.516393442622952
25.516393442622952
25.51311475409836
25.508196721311474
25.511475409836066
25.508196721311474
25.51311475409836
25.514754098360655
25.508196721311474
25.504918032786886
25.511475409836066
25.504918032786886
25.514754098360655
25.511475409836066
\
25.521311475409835
25.52622950819672
25.527868852459015
25.536065573770493
25.534426229508195
25.527868852459015
25.52622950819672
25.51967213114754
25.51967213114754
25.516393442622952
25.51967213114754
25.516393442622952
25.516393442622952
25.516393442622952
25.511475409836066
25.51311475409836
25.508196721311474
25.508196721311474
25.51311475409836
25.504918032786886
25.503278688524592
25.514754098360655
25.504918032786886
25.511475409836066
25.514754098360655
\
25.522950819672133
25.52622950819672
25.534426229508195
25.534426229508195
25.534426229508195
25.522950819672133
25.51967213114754
25.51967213114754
25.514754098360655
25.508196721311474
25.51311475409836
25.514754098360655
25.51967213114754
25.51967213114754
25.51311475409836
25.514754098360655
25.504918032786886
25.511475409836066
25.508196721311474
25.504918032786886
25.508196721311474
25.511475409836066
25.504918032786886
25.51311475409836
25.51311475409836
\
25.521311475409835
25.52622950819672
25.527868852459015
25.527868852459015
25.527868852459015
25.522950819672133
25.521311475409835
25.516393442622952
25.508196721311474
25.504918032786886
25.51311475409836
25.508196721311474
25.51967213114754
25.516393442622952
25.508196721311474
25.516393442622952
25.511475409836066
25.508196721311474
25.508196721311474
25.503278688524592
25.508196721311474
25.511475409836066
25.508196721311474
25.514754098360655
25.51311475409836
\
25.521311475409835
25.52622950819672
25.527868852459015
25.534426229508195
25.527868852459015
25.52622950819672
25.52622950819672
25.521311475409835
25.51311475409836
25.508196721311474
25.514754098360655
25.511475409836066
25.516393442622952
25.521311475409835
25.516393442622952
25.51967213114754
25.511475409836066
25.511475409836066
25.508196721311474
25.508196721311474
25.508196721311474
25.518032786885247
25.511475409836066
25.518032786885247
25.51967213114754
\
25.51967213114754
25.522950819672133
25.522950819672133
25.52622950819672
25.52622950819672
25.522950819672133
25.521311475409835
25.51967213114754
25.508196721311474
25.51311475409836
25.51311475409836
25.508196721311474
25.514754098360655
25.521311475409835
25.516393442622952
25.521311475409835
25.516393442622952
25.516393442622952
25.514754098360655
25.508196721311474
25.508196721311474
25.516393442622952
25.51311475409836
25.51967213114754
25.516393442622952
\
25.51311475409836
25.521311475409835
25.521311475409835
25.522950819672133
25.522950819672133
25.522950819672133
25.51967213114754
25.516393442622952
25.511475409836066
25.508196721311474
25.511475409836066
25.508196721311474
25.511475409836066
25.51311475409836
25.516393442622952
25.522950819672133
25.516393442622952
25.51967213114754
25.51311475409836
25.508196721311474
25.508196721311474
25.51311475409836
25.508196721311474
25.516393442622952
25.516393442622952
\
25.514754098360655
25.51967213114754
25.51967213114754
25.522950819672133
25.527868852459015
25.522950819672133
25.51967213114754
25.516393442622952
25.504918032786886
25.508196721311474
25.511475409836066
25.508196721311474
25.508196721311474
25.516393442622952
25.516393442622952
25.521311475409835
25.516393442622952
25.51967213114754
25.51967213114754
25.508196721311474
25.508196721311474
25.51311475409836
25.508196721311474
25.51967213114754
25.51967213114754
\
25.516393442622952
25.516393442622952
25.51967213114754
25.522950819672133
25.52622950819672
25.52622950819672
25.51967213114754
25.516393442622952
25.511475409836066
25.514754098360655
25.516393442622952
25.51311475409836
25.511475409836066
25.516393442622952
25.516393442622952
25.522950819672133
25.516393442622952
25.521311475409835
25.51311475409836
25.508196721311474
25.508196721311474
25.508196721311474
25.504918032786886
25.516393442622952
25.516393442622952
\
25.514754098360655
25.51967213114754
25.52622950819672
25.527868852459015
25.527868852459015
25.527868852459015
25.52622950819672
25.52622950819672
25.51967213114754
25.51967213114754
25.522950819672133
25.51967213114754
25.521311475409835
25.521311475409835
25.521311475409835
25.521311475409835
25.516393442622952
25.516393442622952
25.516393442622952
25.51311475409836
25.508196721311474
25.514754098360655
25.511475409836066
25.518032786885247
25.51967213114754
\
25.516393442622952
25.521311475409835
25.52622950819672
25.52622950819672
25.534426229508195
25.52622950819672
25.527868852459015
25.52622950819672
25.521311475409835
25.51967213114754
25.522950819672133
25.516393442622952
25.51967213114754
25.51967213114754
25.51967213114754
25.522950819672133
25.516393442622952
25.516393442622952
25.516393442622952
25.511475409836066
25.508196721311474
25.51311475409836
25.508196721311474
25.514754098360655
25.508196721311474
\
25.514754098360655
25.521311475409835
25.521311475409835
25.521311475409835
25.52622950819672
25.522950819672133
25.52622950819672
25.51967213114754
25.51967213114754
25.51967213114754
25.51967213114754
25.516393442622952
25.516393442622952
25.516393442622952
25.51311475409836
25.51967213114754
25.511475409836066
25.511475409836066
25.51311475409836
25.511475409836066
25.504918032786886
25.508196721311474
25.504918032786886
25.51311475409836
25.508196721311474
\
