25.514754098360655
25.51311475409836
25.522950819672133
25.50655737704918
25.511475409836066
25.516393442622952
25.511475409836066
25.51967213114754
25.511475409836066
25.51311475409836
25.514754098360655
25.508196721311474
25.501639344262294
25.508196721311474
25.508196721311474
25.503278688524592
25.508196721311474
25.50655737704918
25.511475409836066
25.514754098360655
25.50655737704918
\
25.503278688524592
25.504918032786886
25.514754098360655
25.5
25.501639344262294
25.508196721311474
25.50655737704918
25.511475409836066
25.503278688524592
25.5
25.511475409836066
25.503278688524592
25.5
25.503278688524592
25.503278688524592
25.495081967213114
25.504918032786886
25.5
25.501639344262294
25.50655737704918
25.503278688524592
\
25.501639344262294
25.50655737704918
25.514754098360655
25.5
25.503278688524592
25.508196721311474
25.50655737704918
25.511475409836066
25.503278688524592
25.503278688524592
25.511475409836066
25.501639344262294
25.49344262295082
25.501639344262294
25.501639344262294
25.495081967213114
25.504918032786886
25.501639344262294
25.50655737704918
25.508196721311474
25.501639344262294
\
25.50655737704918
25.504918032786886
25.516393442622952
25.501639344262294
25.511475409836066
25.511475409836066
25.504918032786886
25.516393442622952
25.503278688524592
25.503278688524592
25.508196721311474
25.508196721311474
25.503278688524592
25.50655737704918
25.504918032786886
25.495081967213114
25.504918032786886
25.501639344262294
25.504918032786886
25.504918032786886
25.5
\
25.508196721311474
25.5
25.50655737704918
25.511475409836066
25.508196721311474
25.504918032786886
25.516393442622952
25.5
25.511475409836066
25.50655737704918
25.50655737704918
25.511475409836066
25.508196721311474
25.503278688524592
25.508196721311474
25.50655737704918
25.501639344262294
25.508196721311474
25.508196721311474
25.5
25.503278688524592
25.501639344262294
25.501639344262294
25.503278688524592
25.503278688524592
\
25.511475409836066
25.5
25.511475409836066
25.51311475409836
25.508196721311474
25.50655737704918
25.51967213114754
25.504918032786886
25.508196721311474
25.508196721311474
25.504918032786886
25.516393442622952
25.518032786885247
25.50655737704918
25.516393442622952
25.511475409836066
25.503278688524592
25.508196721311474
25.51311475409836
25.501639344262294
25.504918032786886
25.503278688524592
25.504918032786886
25.50655737704918
25.504918032786886
\
25.514754098360655
25.5
25.514754098360655
25.51311475409836
25.50655737704918
25.508196721311474
25.516393442622952
25.504918032786886
25.508196721311474
25.511475409836066
25.50655737704918
25.52622950819672
25.521311475409835
25.514754098360655
25.521311475409835
25.511475409836066
25.5
25.511475409836066
25.508196721311474
25.501639344262294
25.503278688524592
25.50655737704918
25.503278688524592
25.511475409836066
25.503278688524592
\
25.508196721311474
25.503278688524592
25.51311475409836
25.514754098360655
25.504918032786886
25.50655737704918
25.514754098360655
25.5
25.50655737704918
25.508196721311474
25.504918032786886
25.516393442622952
25.51311475409836
25.511475409836066
25.516393442622952
25.508196721311474
25.49672131147541
25.511475409836066
25.51311475409836
25.5
25.50655737704918
25.5
25.5
25.504918032786886
25.501639344262294
\
25.50655737704918
25.5
25.511475409836066
25.508196721311474
25.50655737704918
25.50655737704918
25.514754098360655
25.503278688524592
25.511475409836066
25.50655737704918
25.501639344262294
25.516393442622952
25.518032786885247
25.508196721311474
25.51967213114754
25.51311475409836
25.5
25.511475409836066
25.50655737704918
25.5
25.508196721311474
25.504918032786886
25.504918032786886
25.504918032786886
25.501639344262294
\
25.51311475409836
25.5
25.511475409836066
25.511475409836066
25.508196721311474
25.508196721311474
25.516393442622952
25.5
25.50655737704918
25.51311475409836
25.503278688524592
25.51311475409836
25.516393442622952
25.514754098360655
25.522950819672133
25.521311475409835
25.504918032786886
25.514754098360655
25.511475409836066
25.501639344262294
25.511475409836066
25.504918032786886
25.508196721311474
25.503278688524592
25.5
\
25.511475409836066
25.5
25.50655737704918
25.508196721311474
25.504918032786886
25.50655737704918
25.514754098360655
25.5
25.511475409836066
25.51311475409836
25.503278688524592
25.516393442622952
25.511475409836066
25.508196721311474
25.521311475409835
25.51967213114754
25.511475409836066
25.521311475409835
25.516393442622952
25.504918032786886
25.511475409836066
25.511475409836066
25.508196721311474
25.503278688524592
25.5
\
25.51311475409836
25.5
25.50655737704918
25.51311475409836
25.508196721311474
25.508196721311474
25.514754098360655
25.501639344262294
25.50655737704918
25.508196721311474
25.503278688524592
25.516393442622952
25.508196721311474
25.511475409836066
25.52622950819672
25.516393442622952
25.50655737704918
25.51967213114754
25.516393442622952
25.501639344262294
25.511475409836066
25.50655737704918
25.508196721311474
25.504918032786886
25.5
\
25.511475409836066
25.49672131147541
25.508196721311474
25.508196721311474
25.511475409836066
25.511475409836066
25.516393442622952
25.503278688524592
25.511475409836066
25.51311475409836
25.508196721311474
25.51967213114754
25.514754098360655
25.511475409836066
25.524590163934427
25.51967213114754
25.50655737704918
25.518032786885247
25.514754098360655
25.501639344262294
25.508196721311474
25.504918032786886
25.508196721311474
25.501639344262294
25.5
\
25.511475409836066
25.495081967213114
25.511475409836066
25.516393442622952
25.508196721311474
25.504918032786886
25.522950819672133
25.508196721311474
25.516393442622952
25.516393442622952
25.514754098360655
25.522950819672133
25.524590163934427
25.51311475409836
25.521311475409835
25.516393442622952
25.50655737704918
25.516393442622952
25.521311475409835
25.503278688524592
25.511475409836066
25.50655737704918
25.50655737704918
25.504918032786886
25.5
\
25.50655737704918
25.495081967213114
25.508196721311474
25.516393442622952
25.50655737704918
25.511475409836066
25.52622950819672
25.51311475409836
25.522950819672133
25.518032786885247
25.51311475409836
25.531147540983607
25.527868852459015
25.516393442622952
25.521311475409835
25.516393442622952
25.504918032786886
25.516393442622952
25.514754098360655
25.501639344262294
25.503278688524592
25.504918032786886
25.504918032786886
25.504918032786886
25.503278688524592
\
25.50655737704918
25.495081967213114
25.50655737704918
25.514754098360655
25.511475409836066
25.516393442622952
25.529508196721313
25.51311475409836
25.51967213114754
25.521311475409835
25.514754098360655
25.52622950819672
25.522950819672133
25.518032786885247
25.52622950819672
25.516393442622952
25.508196721311474
25.518032786885247
25.514754098360655
25.501639344262294
25.508196721311474
25.504918032786886
25.508196721311474
25.511475409836066
25.5
\
