25.5
25.498360655737706
25.498360655737706
25.5
25.498360655737706
25.498360655737706
25.5
25.495081967213114
25.498360655737706
25.498360655737706
25.5
25.498360655737706
25.498360655737706
25.498360655737706
25.498360655737706
25.503278688524592
25.501639344262294
25.498360655737706
25.498360655737706
25.498360655737706
25.5
\
25.498360655737706
25.498360655737706
25.495081967213114
25.498360655737706
25.495081967213114
25.498360655737706
25.498360655737706
25.495081967213114
25.495081967213114
25.495081967213114
25.498360655737706
25.495081967213114
25.495081967213114
25.495081967213114
25.495081967213114
25.498360655737706
25.498360655737706
25.498360655737706
25.49672131147541
25.49344262295082
25.498360655737706
\
25.498360655737706
25.49344262295082
25.491803278688526
25.495081967213114
25.49344262295082
25.495081967213114
25.49344262295082
25.490163934426228
25.495081967213114
25.495081967213114
25.495081967213114
25.49344262295082
25.491803278688526
25.49344262295082
25.49344262295082
25.495081967213114
25.498360655737706
25.488524590163934
25.490163934426228
25.488524590163934
25.495081967213114
\
25.501639344262294
25.498360655737706
25.495081967213114
25.498360655737706
25.495081967213114
25.495081967213114
25.498360655737706
25.498360655737706
25.5
25.495081967213114
25.498360655737706
25.495081967213114
25.495081967213114
25.495081967213114
25.498360655737706
25.498360655737706
25.498360655737706
25.49344262295082
25.495081967213114
25.491803278688526
25.498360655737706
\
25.498360655737706
25.495081967213114
25.495081967213114
25.498360655737706
25.504918032786886
25.503278688524592
25.495081967213114
25.5
25.498360655737706
25.5
25.501639344262294
25.501639344262294
25.50655737704918
25.498360655737706
25.498360655737706
25.498360655737706
25.501639344262294
25.501639344262294
25.501639344262294
25.503278688524592
25.508196721311474
25.495081967213114
25.498360655737706
25.495081967213114
25.501639344262294
\
25.501639344262294
25.501639344262294
25.501639344262294
25.504918032786886
25.51311475409836
25.504918032786886
25.495081967213114
25.5
25.498360655737706
25.504918032786886
25.508196721311474
25.504918032786886
25.50655737704918
25.5
25.501639344262294
25.501639344262294
25.504918032786886
25.504918032786886
25.508196721311474
25.514754098360655
25.511475409836066
25.498360655737706
25.501639344262294
25.495081967213114
25.504918032786886
\
25.504918032786886
25.501639344262294
25.50655737704918
25.504918032786886
25.516393442622952
25.504918032786886
25.498360655737706
25.504918032786886
25.5
25.504918032786886
25.508196721311474
25.504918032786886
25.511475409836066
25.503278688524592
25.503278688524592
25.501639344262294
25.501639344262294
25.503278688524592
25.51311475409836
25.516393442622952
25.511475409836066
25.498360655737706
25.503278688524592
25.498360655737706
25.50655737704918
\
25.504918032786886
25.501639344262294
25.503278688524592
25.508196721311474
25.511475409836066
25.508196721311474
25.498360655737706
25.503278688524592
25.501639344262294
25.5
25.50655737704918
25.5
25.504918032786886
25.504918032786886
25.501639344262294
25.501639344262294
25.501639344262294
25.501639344262294
25.511475409836066
25.516393442622952
25.516393442622952
25.501639344262294
25.504918032786886
25.501639344262294
25.504918032786886
\
25.511475409836066
25.504918032786886
25.511475409836066
25.514754098360655
25.511475409836066
25.511475409836066
25.5
25.504918032786886
25.503278688524592
25.498360655737706
25.503278688524592
25.501639344262294
25.508196721311474
25.501639344262294
25.508196721311474
25.503278688524592
25.503278688524592
25.503278688524592
25.511475409836066
25.521311475409835
25.514754098360655
25.503278688524592
25.51311475409836
25.501639344262294
25.504918032786886
\
25.508196721311474
25.50655737704918
25.508196721311474
25.511475409836066
25.514754098360655
25.511475409836066
25.501639344262294
25.501639344262294
25.508196721311474
25.504918032786886
25.504918032786886
25.501639344262294
25.504918032786886
25.51311475409836
25.511475409836066
25.511475409836066
25.511475409836066
25.504918032786886
25.514754098360655
25.521311475409835
25.51967213114754
25.504918032786886
25.504918032786886
25.501639344262294
25.503278688524592
\
25.508196721311474
25.50655737704918
25.50655737704918
25.511475409836066
25.50655737704918
25.514754098360655
25.501639344262294
25.503278688524592
25.508196721311474
25.504918032786886
25.504918032786886
25.501639344262294
25.503278688524592
25.504918032786886
25.511475409836066
25.51311475409836
25.511475409836066
25.504918032786886
25.514754098360655
25.521311475409835
25.521311475409835
25.504918032786886
25.501639344262294
25.498360655737706
25.5
\
25.511475409836066
25.503278688524592
25.508196721311474
25.514754098360655
25.516393442622952
25.516393442622952
25.504918032786886
25.511475409836066
25.504918032786886
25.504918032786886
25.50655737704918
25.504918032786886
25.50655737704918
25.508196721311474
25.514754098360655
25.514754098360655
25.516393442622952
25.514754098360655
25.518032786885247
25.522950819672133
25.521311475409835
25.508196721311474
25.503278688524592
25.5
25.501639344262294
\
25.514754098360655
25.50655737704918
25.511475409836066
25.516393442622952
25.518032786885247
25.516393442622952
25.501639344262294
25.508196721311474
25.504918032786886
25.51311475409836
25.511475409836066
25.50655737704918
25.508196721311474
25.511475409836066
25.514754098360655
25.511475409836066
25.511475409836066
25.511475409836066
25.518032786885247
25.521311475409835
25.514754098360655
25.504918032786886
25.50655737704918
25.5
25.501639344262294
\
25.511475409836066
25.501639344262294
25.50655737704918
25.511475409836066
25.516393442622952
25.514754098360655
25.501639344262294
25.504918032786886
25.504918032786886
25.511475409836066
25.516393442622952
25.511475409836066
25.516393442622952
25.51311475409836
25.514754098360655
25.511475409836066
25.511475409836066
25.511475409836066
25.516393442622952
25.514754098360655
25.511475409836066
25.504918032786886
25.504918032786886
25.498360655737706
25.501639344262294
\
25.498360655737706
25.495081967213114
25.498360655737706
25.501639344262294
25.511475409836066
25.511475409836066
25.498360655737706
25.5
25.498360655737706
25.501639344262294
25.511475409836066
25.503278688524592
25.504918032786886
25.501639344262294
25.504918032786886
25.504918032786886
25.504918032786886
25.5
25.50655737704918
25.50655737704918
25.501639344262294
25.495081967213114
25.495081967213114
25.491803278688526
25.501639344262294
\
25.495081967213114
25.495081967213114
25.498360655737706
25.498360655737706
25.503278688524592
25.508196721311474
25.495081967213114
25.498360655737706
25.495081967213114
25.495081967213114
25.501639344262294
25.5
25.5
25.5
25.501639344262294
25.501639344262294
25.504918032786886
25.501639344262294
25.498360655737706
25.501639344262294
25.503278688524592
25.495081967213114
25.495081967213114
25.491803278688526
25.495081967213114
\
