25.518032786885247
25.56393442622951
25.51311475409836
25.495081967213114
25.503278688524592
25.5
25.5
25.498360655737706
25.491803278688526
25.501639344262294
25.498360655737706
25.498360655737706
25.495081967213114
25.491803278688526
25.5
25.495081967213114
25.491803278688526
25.48032786885246
25.48032786885246
25.48032786885246
25.48032786885246
\
25.504918032786886
25.5327868852459
25.501639344262294
25.48032786885246
25.498360655737706
25.49344262295082
25.495081967213114
25.495081967213114
25.48032786885246
25.498360655737706
25.49344262295082
25.495081967213114
25.491803278688526
25.490163934426228
25.491803278688526
25.48032786885246
25.478688524590165
25.478688524590165
25.477049180327867
25.478688524590165
25.478688524590165
\
25.511475409836066
25.521311475409835
25.495081967213114
25.491803278688526
25.498360655737706
25.495081967213114
25.498360655737706
25.491803278688526
25.491803278688526
25.495081967213114
25.491803278688526
25.495081967213114
25.491803278688526
25.48032786885246
25.48032786885246
25.477049180327867
25.478688524590165
25.48032786885246
25.478688524590165
25.477049180327867
25.48032786885246
\
25.511475409836066
25.501639344262294
25.49344262295082
25.48032786885246
25.49344262295082
25.490163934426228
25.49672131147541
25.491803278688526
25.48032786885246
25.491803278688526
25.490163934426228
25.491803278688526
25.490163934426228
25.48032786885246
25.48032786885246
25.477049180327867
25.478688524590165
25.48032786885246
25.478688524590165
25.478688524590165
25.48032786885246
\
25.491803278688526
25.491803278688526
25.49344262295082
25.498360655737706
25.501639344262294
25.498360655737706
25.495081967213114
25.48032786885246
25.491803278688526
25.49344262295082
25.49344262295082
25.490163934426228
25.490163934426228
25.490163934426228
25.48032786885246
25.490163934426228
25.48032786885246
25.478688524590165
25.478688524590165
25.477049180327867
25.477049180327867
25.478688524590165
25.478688524590165
25.48032786885246
25.490163934426228
\
25.498360655737706
25.491803278688526
25.501639344262294
25.498360655737706
25.498360655737706
25.49344262295082
25.490163934426228
25.48032786885246
25.49344262295082
25.491803278688526
25.491803278688526
25.48032786885246
25.48032786885246
25.491803278688526
25.48032786885246
25.48032786885246
25.48032786885246
25.48032786885246
25.478688524590165
25.475409836065573
25.475409836065573
25.48032786885246
25.490163934426228
25.498360655737706
25.508196721311474
\
25.498360655737706
25.491803278688526
25.501639344262294
25.498360655737706
25.49344262295082
25.495081967213114
25.48032786885246
25.48032786885246
25.49344262295082
25.490163934426228
25.49672131147541
25.49344262295082
25.48032786885246
25.49344262295082
25.490163934426228
25.490163934426228
25.491803278688526
25.48032786885246
25.478688524590165
25.475409836065573
25.475409836065573
25.48032786885246
25.48032786885246
25.48032786885246
25.477049180327867
\
25.498360655737706
25.491803278688526
25.498360655737706
25.5
25.503278688524592
25.495081967213114
25.491803278688526
25.48032786885246
25.491803278688526
25.490163934426228
25.49344262295082
25.49344262295082
25.48032786885246
25.491803278688526
25.48032786885246
25.491803278688526
25.48032786885246
25.48032786885246
25.48032786885246
25.475409836065573
25.477049180327867
25.48032786885246
25.51967213114754
25.524590163934427
25.477049180327867
\
25.49344262295082
25.491803278688526
25.501639344262294
25.501639344262294
25.498360655737706
25.49344262295082
25.48032786885246
25.478688524590165
25.490163934426228
25.48032786885246
25.48032786885246
25.48032786885246
25.48032786885246
25.490163934426228
25.478688524590165
25.48032786885246
25.48032786885246
25.478688524590165
25.478688524590165
25.475409836065573
25.477049180327867
25.48032786885246
25.48032786885246
25.498360655737706
25.477049180327867
\
25.495081967213114
25.490163934426228
25.495081967213114
25.501639344262294
25.5
25.495081967213114
25.491803278688526
25.48032786885246
25.498360655737706
25.490163934426228
25.491803278688526
25.491803278688526
25.48032786885246
25.48032786885246
25.48032786885246
25.48032786885246
25.48032786885246
25.48032786885246
25.48032786885246
25.477049180327867
25.477049180327867
25.48032786885246
25.477049180327867
25.478688524590165
25.478688524590165
\
25.490163934426228
25.490163934426228
25.491803278688526
25.495081967213114
25.49672131147541
25.49344262295082
25.490163934426228
25.48032786885246
25.495081967213114
25.491803278688526
25.48032786885246
25.48032786885246
25.478688524590165
25.48032786885246
25.478688524590165
25.48032786885246
25.48032786885246
25.478688524590165
25.477049180327867
25.475409836065573
25.475409836065573
25.48032786885246
25.478688524590165
25.477049180327867
25.478688524590165
\
25.491803278688526
25.498360655737706
25.501639344262294
25.501639344262294
25.501639344262294
25.498360655737706
25.49672131147541
25.491803278688526
25.498360655737706
25.491803278688526
25.49344262295082
25.495081967213114
25.491803278688526
25.491803278688526
25.48032786885246
25.48032786885246
25.48032786885246
25.48032786885246
25.478688524590165
25.475409836065573
25.477049180327867
25.48032786885246
25.478688524590165
25.48032786885246
25.48032786885246
\
25.495081967213114
25.495081967213114
25.495081967213114
25.501639344262294
25.503278688524592
25.5
25.49672131147541
25.490163934426228
25.498360655737706
25.48032786885246
25.495081967213114
25.495081967213114
25.490163934426228
25.495081967213114
25.491803278688526
25.491803278688526
25.48032786885246
25.48032786885246
25.48032786885246
25.477049180327867
25.478688524590165
25.48032786885246
25.478688524590165
25.48032786885246
25.48032786885246
\
25.491803278688526
25.491803278688526
25.495081967213114
25.503278688524592
25.5
25.495081967213114
25.501639344262294
25.48032786885246
25.495081967213114
25.495081967213114
25.491803278688526
25.49344262295082
25.491803278688526
25.49672131147541
25.48032786885246
25.491803278688526
25.48032786885246
25.48032786885246
25.48032786885246
25.478688524590165
25.478688524590165
25.48032786885246
25.478688524590165
25.48032786885246
25.48032786885246
\
25.491803278688526
25.48032786885246
25.49344262295082
25.498360655737706
25.498360655737706
25.491803278688526
25.49344262295082
25.48032786885246
25.49344262295082
25.491803278688526
25.49344262295082
25.490163934426228
25.490163934426228
25.498360655737706
25.490163934426228
25.491803278688526
25.48032786885246
25.478688524590165
25.48032786885246
25.477049180327867
25.477049180327867
25.478688524590165
25.477049180327867
25.477049180327867
25.478688524590165
\
25.49344262295082
25.491803278688526
25.495081967213114
25.508196721311474
25.501639344262294
25.495081967213114
25.49344262295082
25.48032786885246
25.49344262295082
25.490163934426228
25.495081967213114
25.49344262295082
25.491803278688526
25.495081967213114
25.491803278688526
25.48032786885246
25.48032786885246
25.48032786885246
25.478688524590165
25.478688524590165
25.477049180327867
25.478688524590165
25.475409836065573
25.478688524590165
25.48032786885246
\
