25.509836065573772
25.509836065573772
25.51967213114754
25.508196721311474
25.50655737704918
25.509836065573772
25.501639344262294
25.5
25.509836065573772
25.503278688524592
25.509836065573772
25.503278688524592
25.503278688524592
25.509836065573772
25.503278688524592
25.503278688524592
25.511475409836066
25.501639344262294
25.5
25.503278688524592
25.501639344262294
\
25.498360655737706
25.5
25.509836065573772
25.503278688524592
25.5
25.501639344262294
25.498360655737706
25.49672131147541
25.503278688524592
25.501639344262294
25.503278688524592
25.498360655737706
25.498360655737706
25.498360655737706
25.498360655737706
25.5
25.501639344262294
25.498360655737706
25.5
25.498360655737706
25.495081967213114
\
25.5
25.501639344262294
25.509836065573772
25.50655737704918
25.5
25.503278688524592
25.5
25.498360655737706
25.503278688524592
25.501639344262294
25.503278688524592
25.498360655737706
25.498360655737706
25.498360655737706
25.5
25.498360655737706
25.5
25.5
25.498360655737706
25.498360655737706
25.49672131147541
\
25.503278688524592
25.503278688524592
25.509836065573772
25.501639344262294
25.498360655737706
25.503278688524592
25.501639344262294
25.5
25.503278688524592
25.501639344262294
25.50655737704918
25.498360655737706
25.5
25.498360655737706
25.5
25.5
25.501639344262294
25.498360655737706
25.495081967213114
25.5
25.49672131147541
\
25.50655737704918
25.501639344262294
25.50655737704918
25.503278688524592
25.501639344262294
25.503278688524592
25.503278688524592
25.5
25.498360655737706
25.501639344262294
25.501639344262294
25.5
25.501639344262294
25.503278688524592
25.503278688524592
25.498360655737706
25.501639344262294
25.498360655737706
25.5
25.5
25.503278688524592
25.498360655737706
25.49672131147541
25.501639344262294
25.495081967213114
\
25.509836065573772
25.503278688524592
25.51311475409836
25.509836065573772
25.509836065573772
25.50655737704918
25.509836065573772
25.503278688524592
25.5
25.50655737704918
25.50655737704918
25.503278688524592
25.511475409836066
25.50655737704918
25.503278688524592
25.5
25.498360655737706
25.5
25.509836065573772
25.50655737704918
25.50655737704918
25.501639344262294
25.501639344262294
25.5
25.498360655737706
\
25.514754098360655
25.50655737704918
25.51967213114754
25.516393442622952
25.509836065573772
25.509836065573772
25.509836065573772
25.503278688524592
25.501639344262294
25.511475409836066
25.501639344262294
25.511475409836066
25.509836065573772
25.509836065573772
25.509836065573772
25.5
25.5
25.503278688524592
25.509836065573772
25.509836065573772
25.509836065573772
25.50655737704918
25.503278688524592
25.50655737704918
25.498360655737706
\
25.509836065573772
25.509836065573772
25.51967213114754
25.518032786885247
25.508196721311474
25.509836065573772
25.509836065573772
25.50655737704918
25.503278688524592
25.503278688524592
25.503278688524592
25.501639344262294
25.509836065573772
25.51311475409836
25.509836065573772
25.5
25.5
25.503278688524592
25.509836065573772
25.509836065573772
25.509836065573772
25.509836065573772
25.503278688524592
25.50655737704918
25.5
\
25.509836065573772
25.509836065573772
25.521311475409835
25.518032786885247
25.503278688524592
25.50655737704918
25.518032786885247
25.50655737704918
25.501639344262294
25.501639344262294
25.5
25.5
25.509836065573772
25.509836065573772
25.509836065573772
25.501639344262294
25.498360655737706
25.503278688524592
25.509836065573772
25.509836065573772
25.509836065573772
25.509836065573772
25.503278688524592
25.509836065573772
25.5
\
25.51967213114754
25.509836065573772
25.51967213114754
25.509836065573772
25.503278688524592
25.503278688524592
25.514754098360655
25.503278688524592
25.5
25.503278688524592
25.5
25.498360655737706
25.503278688524592
25.509836065573772
25.509836065573772
25.501639344262294
25.5
25.50655737704918
25.516393442622952
25.509836065573772
25.509836065573772
25.509836065573772
25.503278688524592
25.503278688524592
25.498360655737706
\
25.51967213114754
25.509836065573772
25.521311475409835
25.51967213114754
25.509836065573772
25.508196721311474
25.514754098360655
25.509836065573772
25.503278688524592
25.509836065573772
25.503278688524592
25.501639344262294
25.503278688524592
25.508196721311474
25.51967213114754
25.511475409836066
25.50655737704918
25.509836065573772
25.51967213114754
25.509836065573772
25.509836065573772
25.509836065573772
25.503278688524592
25.503278688524592
25.49672131147541
\
25.51967213114754
25.509836065573772
25.51967213114754
25.509836065573772
25.509836065573772
25.50655737704918
25.509836065573772
25.503278688524592
25.5
25.50655737704918
25.501639344262294
25.5
25.503278688524592
25.50655737704918
25.51967213114754
25.503278688524592
25.50655737704918
25.509836065573772
25.509836065573772
25.509836065573772
25.51967213114754
25.509836065573772
25.501639344262294
25.503278688524592
25.49672131147541
\
25.51967213114754
25.509836065573772
25.521311475409835
25.518032786885247
25.509836065573772
25.50655737704918
25.50655737704918
25.503278688524592
25.503278688524592
25.509836065573772
25.50655737704918
25.50655737704918
25.50655737704918
25.509836065573772
25.51967213114754
25.50655737704918
25.50655737704918
25.509836065573772
25.509836065573772
25.509836065573772
25.509836065573772
25.503278688524592
25.503278688524592
25.501639344262294
25.49672131147541
\
25.51967213114754
25.509836065573772
25.51967213114754
25.518032786885247
25.509836065573772
25.509836065573772
25.516393442622952
25.50655737704918
25.50655737704918
25.509836065573772
25.516393442622952
25.509836065573772
25.51967213114754
25.509836065573772
25.521311475409835
25.50655737704918
25.509836065573772
25.516393442622952
25.51967213114754
25.509836065573772
25.518032786885247
25.511475409836066
25.503278688524592
25.503278688524592
25.498360655737706
\
25.509836065573772
25.50655737704918
25.521311475409835
25.516393442622952
25.509836065573772
25.509836065573772
25.51311475409836
25.503278688524592
25.503278688524592
25.509836065573772
25.509836065573772
25.509836065573772
25.51967213114754
25.51967213114754
25.51967213114754
25.509836065573772
25.509836065573772
25.509836065573772
25.509836065573772
25.509836065573772
25.509836065573772
25.501639344262294
25.501639344262294
25.503278688524592
25.498360655737706
\
25.509836065573772
25.5
25.516393442622952
25.509836065573772
25.50655737704918
25.503278688524592
25.509836065573772
25.501639344262294
25.501639344262294
25.503278688524592
25.503278688524592
25.50655737704918
25.509836065573772
25.509836065573772
25.518032786885247
25.509836065573772
25.509836065573772
25.50655737704918
25.501639344262294
25.503278688524592
25.509836065573772
25.503278688524592
25.501639344262294
25.501639344262294
25.495081967213114
\
