25.37704918032787
25.39672131147541
25.373770491803278
25.37704918032787
25.37704918032787
25.40327868852459
25.386885245901638
25.37704918032787
25.373770491803278
25.37049180327869
25.373770491803278
25.373770491803278
25.37704918032787
25.37704918032787
25.386885245901638
25.37704918032787
25.37704918032787
25.37704918032787
25.39672131147541
25.38360655737705
25.38360655737705
\
25.373770491803278
25.373770491803278
25.360655737704917
25.360655737704917
25.37049180327869
25.39344262295082
25.367213114754097
25.34426229508197
25.34426229508197
25.34426229508197
25.367213114754097
25.34426229508197
25.37049180327869
25.37049180327869
25.360655737704917
25.367213114754097
25.360655737704917
25.340983606557376
25.360655737704917
25.367213114754097
25.37049180327869
\
25.340983606557376
25.360655737704917
25.340983606557376
25.334426229508196
25.340983606557376
25.373770491803278
25.337704918032788
25.324590163934428
25.337704918032788
25.334426229508196
25.337704918032788
25.334426229508196
25.337704918032788
25.334426229508196
25.334426229508196
25.340983606557376
25.34426229508197
25.334426229508196
25.34426229508197
25.334426229508196
25.360655737704917
\
25.334426229508196
25.360655737704917
25.331147540983608
25.321311475409836
25.321311475409836
25.360655737704917
25.334426229508196
25.327868852459016
25.337704918032788
25.331147540983608
25.318032786885247
25.321311475409836
25.334426229508196
25.321311475409836
25.334426229508196
25.340983606557376
25.337704918032788
25.327868852459016
25.340983606557376
25.340983606557376
25.34426229508197
\
25.360655737704917
25.340983606557376
25.334426229508196
25.34426229508197
25.334426229508196
25.34426229508197
25.327868852459016
25.321311475409836
25.331147540983608
25.360655737704917
25.334426229508196
25.334426229508196
25.334426229508196
25.331147540983608
25.318032786885247
25.318032786885247
25.321311475409836
25.334426229508196
25.334426229508196
25.337704918032788
25.34426229508197
25.334426229508196
25.34426229508197
25.34426229508197
25.337704918032788
\
25.37049180327869
25.337704918032788
25.337704918032788
25.337704918032788
25.334426229508196
25.340983606557376
25.318032786885247
25.321311475409836
25.331147540983608
25.34426229508197
25.334426229508196
25.318032786885247
25.334426229508196
25.324590163934428
25.275409836065574
25.275409836065574
25.275409836065574
25.321311475409836
25.334426229508196
25.340983606557376
25.340983606557376
25.331147540983608
25.340983606557376
25.337704918032788
25.334426229508196
\
25.373770491803278
25.34426229508197
25.337704918032788
25.334426229508196
25.334426229508196
25.337704918032788
25.318032786885247
25.314754098360655
25.327868852459016
25.340983606557376
25.334426229508196
25.321311475409836
25.334426229508196
25.321311475409836
25.318032786885247
25.268852459016394
25.2655737704918
25.308196721311475
25.321311475409836
25.334426229508196
25.34426229508197
25.337704918032788
25.360655737704917
25.340983606557376
25.334426229508196
\
25.34426229508197
25.360655737704917
25.327868852459016
25.334426229508196
25.324590163934428
25.334426229508196
25.314754098360655
25.275409836065574
25.321311475409836
25.327868852459016
25.318032786885247
25.272131147540982
25.321311475409836
25.318032786885247
25.275409836065574
25.268852459016394
25.2655737704918
25.278688524590162
25.321311475409836
25.331147540983608
25.331147540983608
25.321311475409836
25.334426229508196
25.337704918032788
25.324590163934428
\
25.334426229508196
25.334426229508196
25.327868852459016
25.34426229508197
25.321311475409836
25.334426229508196
25.324590163934428
25.321311475409836
25.318032786885247
25.321311475409836
25.318032786885247
25.275409836065574
25.321311475409836
25.314754098360655
25.272131147540982
25.2655737704918
25.272131147540982
25.275409836065574
25.321311475409836
25.324590163934428
25.334426229508196
25.324590163934428
25.334426229508196
25.321311475409836
25.318032786885247
\
25.337704918032788
25.337704918032788
25.334426229508196
25.337704918032788
25.318032786885247
25.327868852459016
25.331147540983608
25.321311475409836
25.321311475409836
25.334426229508196
25.318032786885247
25.308196721311475
25.275409836065574
25.321311475409836
25.275409836065574
25.275409836065574
25.272131147540982
25.324590163934428
25.334426229508196
25.327868852459016
25.334426229508196
25.327868852459016
25.334426229508196
25.331147540983608
25.314754098360655
\
25.334426229508196
25.334426229508196
25.321311475409836
25.334426229508196
25.321311475409836
25.334426229508196
25.318032786885247
25.314754098360655
25.318032786885247
25.321311475409836
25.324590163934428
25.272131147540982
25.275409836065574
25.275409836065574
25.314754098360655
25.314754098360655
25.275409836065574
25.314754098360655
25.334426229508196
25.324590163934428
25.331147540983608
25.331147540983608
25.340983606557376
25.321311475409836
25.275409836065574
\
25.324590163934428
25.331147540983608
25.318032786885247
25.334426229508196
25.331147540983608
25.334426229508196
25.334426229508196
25.331147540983608
25.321311475409836
25.334426229508196
25.318032786885247
25.314754098360655
25.275409836065574
25.318032786885247
25.321311475409836
25.318032786885247
25.318032786885247
25.324590163934428
25.340983606557376
25.337704918032788
25.34426229508197
25.334426229508196
25.334426229508196
25.334426229508196
25.318032786885247
\
25.334426229508196
25.331147540983608
25.321311475409836
25.334426229508196
25.334426229508196
25.337704918032788
25.318032786885247
25.331147540983608
25.324590163934428
25.340983606557376
25.321311475409836
25.318032786885247
25.318032786885247
25.321311475409836
25.318032786885247
25.314754098360655
25.318032786885247
25.321311475409836
25.334426229508196
25.340983606557376
25.337704918032788
25.334426229508196
25.334426229508196
25.331147540983608
25.275409836065574
\
25.334426229508196
25.318032786885247
25.318032786885247
25.334426229508196
25.334426229508196
25.337704918032788
25.327868852459016
25.324590163934428
25.331147540983608
25.360655737704917
25.337704918032788
25.318032786885247
25.321311475409836
25.321311475409836
25.318032786885247
25.314754098360655
25.324590163934428
25.334426229508196
25.340983606557376
25.334426229508196
25.334426229508196
25.321311475409836
25.324590163934428
25.321311475409836
25.275409836065574
\
25.337704918032788
25.321311475409836
25.318032786885247
25.334426229508196
25.327868852459016
25.334426229508196
25.321311475409836
25.318032786885247
25.334426229508196
25.34426229508197
25.340983606557376
25.314754098360655
25.334426229508196
25.321311475409836
25.272131147540982
25.272131147540982
25.318032786885247
25.327868852459016
25.360655737704917
25.334426229508196
25.331147540983608
25.318032786885247
25.324590163934428
25.314754098360655
25.275409836065574
\
25.321311475409836
25.321311475409836
25.318032786885247
25.334426229508196
25.321311475409836
25.334426229508196
25.321311475409836
25.318032786885247
25.321311475409836
25.334426229508196
25.321311475409836
25.321311475409836
25.318032786885247
25.321311475409836
25.321311475409836
25.321311475409836
25.340983606557376
25.334426229508196
25.334426229508196
25.25901639344262
25.24590163934426
25.272131147540982
25.321311475409836
25.272131147540982
25.268852459016394
\
