25.536065573770493
25.534426229508195
25.5327868852459
25.5327868852459
25.52622950819672
25.527868852459015
25.522950819672133
25.5327868852459
25.5327868852459
25.51967213114754
25.52622950819672
25.522950819672133
25.521311475409835
25.529508196721313
25.5327868852459
25.5327868852459
25.534426229508195
25.5327868852459
25.527868852459015
25.52622950819672
25.52622950819672
\
25.536065573770493
25.527868852459015
25.51967213114754
25.522950819672133
25.518032786885247
25.51967213114754
25.518032786885247
25.521311475409835
25.527868852459015
25.518032786885247
25.521311475409835
25.518032786885247
25.521311475409835
25.52622950819672
25.52622950819672
25.52622950819672
25.527868852459015
25.52622950819672
25.52622950819672
25.518032786885247
25.52622950819672
\
25.534426229508195
25.518032786885247
25.51967213114754
25.521311475409835
25.51967213114754
25.521311475409835
25.51967213114754
25.522950819672133
25.527868852459015
25.521311475409835
25.521311475409835
25.51967213114754
25.521311475409835
25.521311475409835
25.52622950819672
25.521311475409835
25.527868852459015
25.521311475409835
25.521311475409835
25.518032786885247
25.521311475409835
\
25.536065573770493
25.52622950819672
25.527868852459015
25.52622950819672
25.527868852459015
25.536065573770493
25.527868852459015
25.536065573770493
25.529508196721313
25.521311475409835
25.52622950819672
25.5327868852459
25.534426229508195
25.536065573770493
25.536065573770493
25.527868852459015
25.5327868852459
25.52622950819672
25.5327868852459
25.52622950819672
25.534426229508195
\
25.542622950819673
25.53934426229508
25.534426229508195
25.536065573770493
25.536065573770493
25.521311475409835
25.527868852459015
25.527868852459015
25.5327868852459
25.536065573770493
25.536065573770493
25.53934426229508
25.536065573770493
25.529508196721313
25.529508196721313
25.5327868852459
25.536065573770493
25.53934426229508
25.53934426229508
25.529508196721313
25.534426229508195
25.534426229508195
25.527868852459015
25.529508196721313
25.536065573770493
\
25.54590163934426
25.536065573770493
25.536065573770493
25.54590163934426
25.542622950819673
25.527868852459015
25.5327868852459
25.527868852459015
25.5327868852459
25.540983606557376
25.536065573770493
25.54590163934426
25.53934426229508
25.534426229508195
25.534426229508195
25.534426229508195
25.536065573770493
25.536065573770493
25.536065573770493
25.5327868852459
25.53934426229508
25.534426229508195
25.534426229508195
25.534426229508195
25.540983606557376
\
25.550819672131148
25.53934426229508
25.536065573770493
25.536065573770493
25.53934426229508
25.529508196721313
25.5327868852459
25.527868852459015
25.5327868852459
25.536065573770493
25.534426229508195
25.53934426229508
25.54590163934426
25.536065573770493
25.536065573770493
25.5327868852459
25.534426229508195
25.534426229508195
25.534426229508195
25.534426229508195
25.536065573770493
25.536065573770493
25.5327868852459
25.527868852459015
25.536065573770493
\
25.542622950819673
25.53934426229508
25.536065573770493
25.53934426229508
25.540983606557376
25.52622950819672
25.527868852459015
25.52622950819672
25.5327868852459
25.534426229508195
25.5327868852459
25.534426229508195
25.542622950819673
25.536065573770493
25.534426229508195
25.534426229508195
25.534426229508195
25.536065573770493
25.534426229508195
25.5327868852459
25.536065573770493
25.534426229508195
25.5327868852459
25.5327868852459
25.53934426229508
\
25.549180327868854
25.536065573770493
25.536065573770493
25.536065573770493
25.536065573770493
25.522950819672133
25.5327868852459
25.5327868852459
25.529508196721313
25.534426229508195
25.534426229508195
25.534426229508195
25.536065573770493
25.536065573770493
25.534426229508195
25.536065573770493
25.5327868852459
25.534426229508195
25.536065573770493
25.5327868852459
25.536065573770493
25.536065573770493
25.534426229508195
25.5327868852459
25.53934426229508
\
25.542622950819673
25.536065573770493
25.536065573770493
25.536065573770493
25.536065573770493
25.5327868852459
25.529508196721313
25.5327868852459
25.5327868852459
25.536065573770493
25.534426229508195
25.536065573770493
25.542622950819673
25.53934426229508
25.540983606557376
25.542622950819673
25.536065573770493
25.536065573770493
25.536065573770493
25.5327868852459
25.536065573770493
25.53934426229508
25.534426229508195
25.536065573770493
25.542622950819673
\
25.536065573770493
25.536065573770493
25.536065573770493
25.536065573770493
25.542622950819673
25.534426229508195
25.5327868852459
25.527868852459015
25.527868852459015
25.534426229508195
25.5327868852459
25.534426229508195
25.534426229508195
25.534426229508195
25.542622950819673
25.54590163934426
25.542622950819673
25.540983606557376
25.53934426229508
25.534426229508195
25.540983606557376
25.536065573770493
25.53934426229508
25.536065573770493
25.542622950819673
\
25.529508196721313
25.52622950819672
25.527868852459015
25.534426229508195
25.536065573770493
25.5327868852459
25.529508196721313
25.527868852459015
25.521311475409835
25.52622950819672
25.522950819672133
25.5327868852459
25.534426229508195
25.534426229508195
25.536065573770493
25.53934426229508
25.536065573770493
25.536065573770493
25.534426229508195
25.529508196721313
25.534426229508195
25.534426229508195
25.5327868852459
25.534426229508195
25.536065573770493
\
25.527868852459015
25.5327868852459
25.5327868852459
25.536065573770493
25.549180327868854
25.534426229508195
25.5327868852459
25.5327868852459
25.52622950819672
25.534426229508195
25.534426229508195
25.536065573770493
25.534426229508195
25.534426229508195
25.53934426229508
25.536065573770493
25.534426229508195
25.53934426229508
25.536065573770493
25.534426229508195
25.536065573770493
25.536065573770493
25.534426229508195
25.534426229508195
25.53934426229508
\
25.514754098360655
25.518032786885247
25.52622950819672
25.527868852459015
25.536065573770493
25.52622950819672
25.52622950819672
25.5327868852459
25.527868852459015
25.534426229508195
25.534426229508195
25.536065573770493
25.536065573770493
25.5327868852459
25.534426229508195
25.5327868852459
25.529508196721313
25.529508196721313
25.534426229508195
25.52622950819672
25.5327868852459
25.527868852459015
25.527868852459015
25.522950819672133
25.527868852459015
\
25.516393442622952
25.518032786885247
25.527868852459015
25.534426229508195
25.536065573770493
25.527868852459015
25.527868852459015
25.534426229508195
25.529508196721313
25.534426229508195
25.536065573770493
25.536065573770493
25.536065573770493
25.534426229508195
25.534426229508195
25.536065573770493
25.529508196721313
25.5327868852459
25.5327868852459
25.529508196721313
25.534426229508195
25.529508196721313
25.52622950819672
25.527868852459015
25.527868852459015
\
25.518032786885247
25.51967213114754
25.527868852459015
25.534426229508195
25.53934426229508
25.521311475409835
25.5327868852459
25.527868852459015
25.52622950819672
25.5327868852459
25.5327868852459
25.536065573770493
25.536065573770493
25.5327868852459
25.534426229508195
25.534426229508195
25.52622950819672
25.529508196721313
25.5327868852459
25.534426229508195
25.534426229508195
25.5327868852459
25.5327868852459
25.536065573770493
25.536065573770493
\
