25.608196721311476
25.608196721311476
25.608196721311476
25.604918032786884
25.604918032786884
25.60983606557377
25.604918032786884
25.611475409836064
25.614754098360656
25.614754098360656
25.621311475409836
25.619672131147542
25.614754098360656
25.614754098360656
25.621311475409836
25.621311475409836
25.614754098360656
25.61639344262295
25.60983606557377
25.613114754098362
25.613114754098362
\
25.6
25.598360655737704
25.6
25.6
25.601639344262296
25.608196721311476
25.601639344262296
25.6
25.608196721311476
25.604918032786884
25.608196721311476
25.608196721311476
25.604918032786884
25.601639344262296
25.608196721311476
25.608196721311476
25.604918032786884
25.608196721311476
25.601639344262296
25.601639344262296
25.604918032786884
\
25.601639344262296
25.595081967213115
25.601639344262296
25.601639344262296
25.601639344262296
25.608196721311476
25.604918032786884
25.604918032786884
25.60983606557377
25.608196721311476
25.608196721311476
25.60983606557377
25.608196721311476
25.601639344262296
25.608196721311476
25.604918032786884
25.608196721311476
25.608196721311476
25.604918032786884
25.6
25.604918032786884
\
25.604918032786884
25.604918032786884
25.60983606557377
25.608196721311476
25.608196721311476
25.614754098360656
25.60983606557377
25.614754098360656
25.614754098360656
25.608196721311476
25.611475409836064
25.614754098360656
25.614754098360656
25.614754098360656
25.614754098360656
25.613114754098362
25.60983606557377
25.611475409836064
25.60983606557377
25.604918032786884
25.611475409836064
\
25.621311475409836
25.614754098360656
25.614754098360656
25.614754098360656
25.611475409836064
25.608196721311476
25.614754098360656
25.614754098360656
25.614754098360656
25.619672131147542
25.61639344262295
25.61639344262295
25.62295081967213
25.614754098360656
25.614754098360656
25.614754098360656
25.614754098360656
25.614754098360656
25.62295081967213
25.611475409836064
25.614754098360656
25.61639344262295
25.611475409836064
25.611475409836064
25.614754098360656
\
25.621311475409836
25.614754098360656
25.61639344262295
25.621311475409836
25.61639344262295
25.60983606557377
25.611475409836064
25.60983606557377
25.614754098360656
25.62295081967213
25.61639344262295
25.619672131147542
25.621311475409836
25.61639344262295
25.61639344262295
25.614754098360656
25.619672131147542
25.614754098360656
25.619672131147542
25.611475409836064
25.614754098360656
25.614754098360656
25.614754098360656
25.613114754098362
25.621311475409836
\
25.626229508196722
25.621311475409836
25.621311475409836
25.614754098360656
25.614754098360656
25.611475409836064
25.611475409836064
25.608196721311476
25.611475409836064
25.61639344262295
25.613114754098362
25.614754098360656
25.626229508196722
25.619672131147542
25.619672131147542
25.614754098360656
25.611475409836064
25.614754098360656
25.619672131147542
25.614754098360656
25.614754098360656
25.61639344262295
25.614754098360656
25.60983606557377
25.614754098360656
\
25.619672131147542
25.621311475409836
25.619672131147542
25.619672131147542
25.621311475409836
25.604918032786884
25.60983606557377
25.604918032786884
25.608196721311476
25.614754098360656
25.611475409836064
25.611475409836064
25.62295081967213
25.621311475409836
25.619672131147542
25.614754098360656
25.613114754098362
25.614754098360656
25.614754098360656
25.614754098360656
25.61639344262295
25.621311475409836
25.614754098360656
25.614754098360656
25.619672131147542
\
25.621311475409836
25.61639344262295
25.61639344262295
25.613114754098362
25.613114754098362
25.604918032786884
25.613114754098362
25.60983606557377
25.608196721311476
25.614754098360656
25.60983606557377
25.60983606557377
25.621311475409836
25.619672131147542
25.619672131147542
25.61639344262295
25.613114754098362
25.60983606557377
25.614754098360656
25.61639344262295
25.61639344262295
25.61639344262295
25.614754098360656
25.614754098360656
25.619672131147542
\
25.621311475409836
25.614754098360656
25.61639344262295
25.614754098360656
25.614754098360656
25.60983606557377
25.608196721311476
25.608196721311476
25.608196721311476
25.61639344262295
25.611475409836064
25.614754098360656
25.621311475409836
25.62295081967213
25.626229508196722
25.626229508196722
25.621311475409836
25.614754098360656
25.621311475409836
25.614754098360656
25.619672131147542
25.61639344262295
25.614754098360656
25.619672131147542
25.621311475409836
\
25.614754098360656
25.611475409836064
25.614754098360656
25.614754098360656
25.614754098360656
25.611475409836064
25.611475409836064
25.604918032786884
25.604918032786884
25.614754098360656
25.608196721311476
25.611475409836064
25.61639344262295
25.61639344262295
25.626229508196722
25.626229508196722
25.62295081967213
25.619672131147542
25.626229508196722
25.621311475409836
25.61639344262295
25.614754098360656
25.614754098360656
25.619672131147542
25.62295081967213
\
25.572131147540983
25.591803278688523
25.608196721311476
25.613114754098362
25.614754098360656
25.608196721311476
25.60983606557377
25.601639344262296
25.601639344262296
25.608196721311476
25.604918032786884
25.608196721311476
25.614754098360656
25.614754098360656
25.621311475409836
25.621311475409836
25.619672131147542
25.614754098360656
25.621311475409836
25.614754098360656
25.614754098360656
25.60983606557377
25.614754098360656
25.614754098360656
25.614754098360656
\
25.531147540983607
25.552459016393442
25.595081967213115
25.608196721311476
25.614754098360656
25.608196721311476
25.604918032786884
25.60327868852459
25.60327868852459
25.608196721311476
25.608196721311476
25.608196721311476
25.608196721311476
25.614754098360656
25.619672131147542
25.619672131147542
25.614754098360656
25.614754098360656
25.621311475409836
25.614754098360656
25.60983606557377
25.613114754098362
25.608196721311476
25.608196721311476
25.613114754098362
\
25.444262295081966
25.509836065573772
25.572131147540983
25.595081967213115
25.608196721311476
25.6
25.601639344262296
25.6
25.6
25.608196721311476
25.608196721311476
25.608196721311476
25.614754098360656
25.60983606557377
25.614754098360656
25.611475409836064
25.60983606557377
25.608196721311476
25.613114754098362
25.604918032786884
25.604918032786884
25.604918032786884
25.604918032786884
25.601639344262296
25.604918032786884
\
25.40983606557377
25.481967213114753
25.547540983606556
25.565573770491802
25.595081967213115
25.58360655737705
25.6
25.598360655737704
25.598360655737704
25.601639344262296
25.604918032786884
25.601639344262296
25.608196721311476
25.608196721311476
25.60983606557377
25.60983606557377
25.601639344262296
25.6
25.604918032786884
25.601639344262296
25.601639344262296
25.6
25.595081967213115
25.598360655737704
25.598360655737704
\
25.43606557377049
25.490163934426228
25.53934426229508
25.552459016393442
25.568852459016394
25.555737704918034
25.59016393442623
25.575409836065575
25.572131147540983
25.572131147540983
25.56393442622951
25.568852459016394
25.572131147540983
25.572131147540983
25.59016393442623
25.59016393442623
25.568852459016394
25.568852459016394
25.575409836065575
25.575409836065575
25.572131147540983
25.572131147540983
25.552459016393442
25.547540983606556
25.547540983606556
\
