25.481967213114753
25.48688524590164
25.48688524590164
25.481967213114753
25.481967213114753
25.490163934426228
25.48688524590164
25.48688524590164
25.48688524590164
25.485245901639345
25.485245901639345
25.483606557377048
25.485245901639345
25.48688524590164
25.48688524590164
25.48032786885246
25.48032786885246
25.491803278688526
25.481967213114753
25.483606557377048
25.481967213114753
\
25.481967213114753
25.481967213114753
25.481967213114753
25.477049180327867
25.477049180327867
25.483606557377048
25.48032786885246
25.48032786885246
25.48032786885246
25.48032786885246
25.478688524590165
25.478688524590165
25.478688524590165
25.48032786885246
25.48032786885246
25.475409836065573
25.477049180327867
25.481967213114753
25.48032786885246
25.478688524590165
25.477049180327867
\
25.48032786885246
25.481967213114753
25.481967213114753
25.478688524590165
25.478688524590165
25.48688524590164
25.48032786885246
25.48032786885246
25.481967213114753
25.481967213114753
25.481967213114753
25.48032786885246
25.481967213114753
25.481967213114753
25.48032786885246
25.477049180327867
25.477049180327867
25.481967213114753
25.481967213114753
25.478688524590165
25.478688524590165
\
25.490163934426228
25.48688524590164
25.483606557377048
25.481967213114753
25.488524590163934
25.49344262295082
25.48688524590164
25.485245901639345
25.48688524590164
25.483606557377048
25.48688524590164
25.48688524590164
25.48688524590164
25.49344262295082
25.488524590163934
25.483606557377048
25.481967213114753
25.491803278688526
25.488524590163934
25.485245901639345
25.48688524590164
\
25.490163934426228
25.49344262295082
25.495081967213114
25.498360655737706
25.495081967213114
25.495081967213114
25.491803278688526
25.483606557377048
25.48688524590164
25.495081967213114
25.49344262295082
25.48688524590164
25.49344262295082
25.48688524590164
25.491803278688526
25.483606557377048
25.49344262295082
25.495081967213114
25.490163934426228
25.485245901639345
25.483606557377048
25.49344262295082
25.49344262295082
25.49344262295082
25.49672131147541
\
25.49344262295082
25.495081967213114
25.498360655737706
25.5
25.5
25.49672131147541
25.491803278688526
25.485245901639345
25.488524590163934
25.49344262295082
25.490163934426228
25.491803278688526
25.495081967213114
25.490163934426228
25.49344262295082
25.485245901639345
25.490163934426228
25.49344262295082
25.491803278688526
25.485245901639345
25.483606557377048
25.495081967213114
25.49344262295082
25.49344262295082
25.498360655737706
\
25.495081967213114
25.495081967213114
25.5
25.49672131147541
25.49672131147541
25.495081967213114
25.490163934426228
25.485245901639345
25.48688524590164
25.49344262295082
25.490163934426228
25.491803278688526
25.495081967213114
25.495081967213114
25.495081967213114
25.48688524590164
25.491803278688526
25.49344262295082
25.488524590163934
25.485245901639345
25.48688524590164
25.498360655737706
25.495081967213114
25.491803278688526
25.49672131147541
\
25.49344262295082
25.495081967213114
25.498360655737706
25.498360655737706
25.495081967213114
25.495081967213114
25.48688524590164
25.481967213114753
25.48688524590164
25.488524590163934
25.490163934426228
25.48688524590164
25.495081967213114
25.49344262295082
25.495081967213114
25.491803278688526
25.491803278688526
25.491803278688526
25.488524590163934
25.483606557377048
25.48688524590164
25.495081967213114
25.495081967213114
25.49344262295082
25.498360655737706
\
25.49344262295082
25.495081967213114
25.5
25.5
25.49344262295082
25.491803278688526
25.491803278688526
25.48688524590164
25.491803278688526
25.491803278688526
25.49344262295082
25.490163934426228
25.49344262295082
25.49344262295082
25.49672131147541
25.49344262295082
25.49344262295082
25.495081967213114
25.49344262295082
25.485245901639345
25.485245901639345
25.498360655737706
25.498360655737706
25.5
25.5
\
25.495081967213114
25.49344262295082
25.5
25.5
25.498360655737706
25.495081967213114
25.49344262295082
25.48688524590164
25.490163934426228
25.49344262295082
25.49344262295082
25.490163934426228
25.495081967213114
25.498360655737706
25.5
25.495081967213114
25.49672131147541
25.498360655737706
25.495081967213114
25.48688524590164
25.490163934426228
25.5
25.49672131147541
25.5
25.503278688524592
\
25.490163934426228
25.491803278688526
25.495081967213114
25.5
25.5
25.49672131147541
25.491803278688526
25.48688524590164
25.488524590163934
25.49344262295082
25.49344262295082
25.49344262295082
25.495081967213114
25.49672131147541
25.501639344262294
25.49672131147541
25.5
25.501639344262294
25.49672131147541
25.491803278688526
25.49344262295082
25.5
25.5
25.501639344262294
25.504918032786886
\
25.483606557377048
25.488524590163934
25.488524590163934
25.495081967213114
25.495081967213114
25.495081967213114
25.491803278688526
25.481967213114753
25.483606557377048
25.491803278688526
25.490163934426228
25.488524590163934
25.491803278688526
25.491803278688526
25.5
25.495081967213114
25.495081967213114
25.501639344262294
25.495081967213114
25.490163934426228
25.491803278688526
25.49672131147541
25.495081967213114
25.5
25.501639344262294
\
25.485245901639345
25.490163934426228
25.49344262295082
25.498360655737706
25.5
25.5
25.491803278688526
25.48688524590164
25.48688524590164
25.495081967213114
25.490163934426228
25.491803278688526
25.49344262295082
25.495081967213114
25.5
25.495081967213114
25.49672131147541
25.503278688524592
25.498360655737706
25.49344262295082
25.49344262295082
25.495081967213114
25.49672131147541
25.5
25.501639344262294
\
25.48688524590164
25.491803278688526
25.495081967213114
25.49672131147541
25.498360655737706
25.495081967213114
25.495081967213114
25.48688524590164
25.491803278688526
25.5
25.49672131147541
25.495081967213114
25.498360655737706
25.495081967213114
25.5
25.495081967213114
25.495081967213114
25.5
25.495081967213114
25.490163934426228
25.488524590163934
25.498360655737706
25.495081967213114
25.495081967213114
25.5
\
25.491803278688526
25.49344262295082
25.495081967213114
25.49672131147541
25.495081967213114
25.49672131147541
25.49672131147541
25.491803278688526
25.495081967213114
25.5
25.495081967213114
25.495081967213114
25.495081967213114
25.495081967213114
25.495081967213114
25.495081967213114
25.495081967213114
25.498360655737706
25.495081967213114
25.48688524590164
25.488524590163934
25.495081967213114
25.49344262295082
25.495081967213114
25.495081967213114
\
25.485245901639345
25.491803278688526
25.495081967213114
25.498360655737706
25.498360655737706
25.495081967213114
25.495081967213114
25.491803278688526
25.49344262295082
25.495081967213114
25.491803278688526
25.491803278688526
25.491803278688526
25.491803278688526
25.49344262295082
25.490163934426228
25.491803278688526
25.495081967213114
25.495081967213114
25.491803278688526
25.488524590163934
25.495081967213114
25.491803278688526
25.491803278688526
25.49344262295082
\
