25.536065573770493
25.547540983606556
25.542622950819673
25.550819672131148
25.549180327868854
25.53934426229508
25.549180327868854
25.53934426229508
25.542622950819673
25.542622950819673
25.552459016393442
25.542622950819673
25.550819672131148
25.550819672131148
25.542622950819673
25.542622950819673
25.549180327868854
25.552459016393442
25.53934426229508
25.53934426229508
25.542622950819673
\
25.536065573770493
25.53934426229508
25.542622950819673
25.536065573770493
25.536065573770493
25.534426229508195
25.53934426229508
25.5327868852459
25.536065573770493
25.534426229508195
25.53934426229508
25.534426229508195
25.536065573770493
25.536065573770493
25.53934426229508
25.536065573770493
25.542622950819673
25.536065573770493
25.534426229508195
25.534426229508195
25.534426229508195
\
25.53934426229508
25.542622950819673
25.536065573770493
25.536065573770493
25.536065573770493
25.534426229508195
25.534426229508195
25.5327868852459
25.534426229508195
25.5327868852459
25.542622950819673
25.534426229508195
25.536065573770493
25.534426229508195
25.536065573770493
25.534426229508195
25.53934426229508
25.53934426229508
25.5327868852459
25.536065573770493
25.536065573770493
\
25.542622950819673
25.542622950819673
25.53934426229508
25.536065573770493
25.536065573770493
25.534426229508195
25.542622950819673
25.534426229508195
25.536065573770493
25.5327868852459
25.53934426229508
25.53934426229508
25.536065573770493
25.534426229508195
25.536065573770493
25.529508196721313
25.534426229508195
25.53934426229508
25.534426229508195
25.536065573770493
25.53934426229508
\
25.536065573770493
25.534426229508195
25.536065573770493
25.542622950819673
25.542622950819673
25.542622950819673
25.534426229508195
25.534426229508195
25.5327868852459
25.5327868852459
25.536065573770493
25.5327868852459
25.5327868852459
25.527868852459015
25.5327868852459
25.529508196721313
25.5327868852459
25.5327868852459
25.534426229508195
25.529508196721313
25.5327868852459
25.5327868852459
25.529508196721313
25.534426229508195
25.536065573770493
\
25.53934426229508
25.534426229508195
25.536065573770493
25.542622950819673
25.536065573770493
25.536065573770493
25.534426229508195
25.529508196721313
25.529508196721313
25.527868852459015
25.5327868852459
25.529508196721313
25.534426229508195
25.52622950819672
25.529508196721313
25.524590163934427
25.529508196721313
25.527868852459015
25.527868852459015
25.524590163934427
25.527868852459015
25.529508196721313
25.52622950819672
25.527868852459015
25.534426229508195
\
25.536065573770493
25.5327868852459
25.534426229508195
25.534426229508195
25.536065573770493
25.534426229508195
25.527868852459015
25.52622950819672
25.527868852459015
25.524590163934427
25.52622950819672
25.527868852459015
25.5327868852459
25.529508196721313
25.527868852459015
25.524590163934427
25.524590163934427
25.52622950819672
25.524590163934427
25.524590163934427
25.5327868852459
25.529508196721313
25.527868852459015
25.524590163934427
25.529508196721313
\
25.536065573770493
25.529508196721313
25.536065573770493
25.536065573770493
25.534426229508195
25.534426229508195
25.529508196721313
25.529508196721313
25.529508196721313
25.524590163934427
25.52622950819672
25.524590163934427
25.534426229508195
25.5327868852459
25.5327868852459
25.5327868852459
25.529508196721313
25.529508196721313
25.527868852459015
25.524590163934427
25.5327868852459
25.5327868852459
25.529508196721313
25.5327868852459
25.536065573770493
\
25.534426229508195
25.527868852459015
25.534426229508195
25.534426229508195
25.534426229508195
25.534426229508195
25.5327868852459
25.527868852459015
25.529508196721313
25.524590163934427
25.527868852459015
25.524590163934427
25.5327868852459
25.5327868852459
25.536065573770493
25.529508196721313
25.529508196721313
25.5327868852459
25.529508196721313
25.524590163934427
25.529508196721313
25.527868852459015
25.529508196721313
25.5327868852459
25.53934426229508
\
25.5327868852459
25.527868852459015
25.5327868852459
25.53934426229508
25.529508196721313
25.534426229508195
25.529508196721313
25.527868852459015
25.529508196721313
25.524590163934427
25.524590163934427
25.524590163934427
25.527868852459015
25.534426229508195
25.53934426229508
25.534426229508195
25.5327868852459
25.5327868852459
25.5327868852459
25.524590163934427
25.5327868852459
25.529508196721313
25.529508196721313
25.5327868852459
25.53934426229508
\
25.529508196721313
25.52622950819672
25.534426229508195
25.536065573770493
25.5327868852459
25.536065573770493
25.529508196721313
25.52622950819672
25.527868852459015
25.524590163934427
25.524590163934427
25.524590163934427
25.527868852459015
25.5327868852459
25.53934426229508
25.534426229508195
25.534426229508195
25.5327868852459
25.529508196721313
25.527868852459015
25.5327868852459
25.529508196721313
25.529508196721313
25.534426229508195
25.53934426229508
\
25.524590163934427
25.524590163934427
25.529508196721313
25.534426229508195
25.529508196721313
25.536065573770493
25.527868852459015
25.524590163934427
25.524590163934427
25.524590163934427
25.524590163934427
25.524590163934427
25.527868852459015
25.527868852459015
25.536065573770493
25.534426229508195
25.5327868852459
25.5327868852459
25.527868852459015
25.527868852459015
25.534426229508195
25.529508196721313
25.529508196721313
25.5327868852459
25.53934426229508
\
25.527868852459015
25.524590163934427
25.5327868852459
25.536065573770493
25.536065573770493
25.547540983606556
25.534426229508195
25.529508196721313
25.5327868852459
25.529508196721313
25.5327868852459
25.529508196721313
25.534426229508195
25.534426229508195
25.550819672131148
25.536065573770493
25.534426229508195
25.53934426229508
25.534426229508195
25.5327868852459
25.536065573770493
25.534426229508195
25.534426229508195
25.536065573770493
25.547540983606556
\
25.5327868852459
25.524590163934427
25.534426229508195
25.542622950819673
25.536065573770493
25.547540983606556
25.542622950819673
25.536065573770493
25.536065573770493
25.534426229508195
25.542622950819673
25.536065573770493
25.542622950819673
25.536065573770493
25.550819672131148
25.536065573770493
25.536065573770493
25.536065573770493
25.542622950819673
25.5327868852459
25.53934426229508
25.542622950819673
25.534426229508195
25.536065573770493
25.53934426229508
\
25.5327868852459
25.527868852459015
25.5327868852459
25.536065573770493
25.534426229508195
25.542622950819673
25.536065573770493
25.536065573770493
25.536065573770493
25.536065573770493
25.536065573770493
25.534426229508195
25.536065573770493
25.536065573770493
25.536065573770493
25.53934426229508
25.534426229508195
25.536065573770493
25.534426229508195
25.534426229508195
25.536065573770493
25.534426229508195
25.529508196721313
25.534426229508195
25.536065573770493
\
25.534426229508195
25.5327868852459
25.536065573770493
25.536065573770493
25.536065573770493
25.547540983606556
25.542622950819673
25.536065573770493
25.542622950819673
25.536065573770493
25.536065573770493
25.536065573770493
25.536065573770493
25.536065573770493
25.53934426229508
25.536065573770493
25.536065573770493
25.536065573770493
25.542622950819673
25.536065573770493
25.542622950819673
25.536065573770493
25.534426229508195
25.534426229508195
25.534426229508195
\
