25.490163934426228
25.491803278688526
25.504918032786886
25.495081967213114
25.495081967213114
25.5
25.5
25.501639344262294
25.49672131147541
25.495081967213114
25.491803278688526
25.495081967213114
25.49672131147541
25.501639344262294
25.501639344262294
25.5
25.509836065573772
25.509836065573772
25.5
25.501639344262294
25.509836065573772
\
25.490163934426228
25.491803278688526
25.5
25.495081967213114
25.49344262295082
25.495081967213114
25.49344262295082
25.495081967213114
25.491803278688526
25.490163934426228
25.490163934426228
25.491803278688526
25.49344262295082
25.495081967213114
25.495081967213114
25.495081967213114
25.501639344262294
25.495081967213114
25.5
25.501639344262294
25.5
\
25.488524590163934
25.490163934426228
25.491803278688526
25.490163934426228
25.481967213114753
25.490163934426228
25.490163934426228
25.490163934426228
25.481967213114753
25.481967213114753
25.481967213114753
25.488524590163934
25.488524590163934
25.491803278688526
25.481967213114753
25.488524590163934
25.491803278688526
25.488524590163934
25.490163934426228
25.49344262295082
25.495081967213114
\
25.490163934426228
25.491803278688526
25.495081967213114
25.491803278688526
25.490163934426228
25.491803278688526
25.49344262295082
25.495081967213114
25.491803278688526
25.491803278688526
25.481967213114753
25.490163934426228
25.490163934426228
25.49344262295082
25.491803278688526
25.491803278688526
25.49344262295082
25.49344262295082
25.49344262295082
25.495081967213114
25.5
\
25.501639344262294
25.491803278688526
25.49344262295082
25.495081967213114
25.49344262295082
25.49344262295082
25.5
25.498360655737706
25.495081967213114
25.498360655737706
25.49672131147541
25.498360655737706
25.495081967213114
25.49344262295082
25.488524590163934
25.49344262295082
25.49344262295082
25.49672131147541
25.49672131147541
25.49344262295082
25.49672131147541
25.495081967213114
25.5
25.501639344262294
25.5
\
25.5
25.49344262295082
25.49344262295082
25.495081967213114
25.49344262295082
25.495081967213114
25.503278688524592
25.498360655737706
25.495081967213114
25.495081967213114
25.498360655737706
25.49672131147541
25.49344262295082
25.49344262295082
25.481967213114753
25.495081967213114
25.495081967213114
25.495081967213114
25.49672131147541
25.495081967213114
25.49672131147541
25.495081967213114
25.498360655737706
25.495081967213114
25.501639344262294
\
25.501639344262294
25.491803278688526
25.495081967213114
25.495081967213114
25.491803278688526
25.495081967213114
25.504918032786886
25.49672131147541
25.495081967213114
25.5
25.49672131147541
25.49672131147541
25.491803278688526
25.491803278688526
25.490163934426228
25.49344262295082
25.495081967213114
25.495081967213114
25.49672131147541
25.49344262295082
25.49672131147541
25.495081967213114
25.49672131147541
25.49672131147541
25.504918032786886
\
25.511475409836066
25.491803278688526
25.49344262295082
25.49672131147541
25.491803278688526
25.495081967213114
25.504918032786886
25.49672131147541
25.495081967213114
25.49672131147541
25.49672131147541
25.495081967213114
25.495081967213114
25.495081967213114
25.491803278688526
25.495081967213114
25.49672131147541
25.498360655737706
25.504918032786886
25.49672131147541
25.501639344262294
25.5
25.503278688524592
25.501639344262294
25.509836065573772
\
25.508196721311474
25.49344262295082
25.49344262295082
25.495081967213114
25.49344262295082
25.49344262295082
25.501639344262294
25.5
25.49672131147541
25.495081967213114
25.495081967213114
25.49672131147541
25.49672131147541
25.49672131147541
25.495081967213114
25.5
25.498360655737706
25.508196721311474
25.508196721311474
25.508196721311474
25.509836065573772
25.509836065573772
25.508196721311474
25.501639344262294
25.504918032786886
\
25.5
25.49344262295082
25.495081967213114
25.49672131147541
25.491803278688526
25.49344262295082
25.501639344262294
25.5
25.495081967213114
25.49344262295082
25.49344262295082
25.501639344262294
25.498360655737706
25.501639344262294
25.495081967213114
25.504918032786886
25.509836065573772
25.509836065573772
25.509836065573772
25.509836065573772
25.509836065573772
25.509836065573772
25.504918032786886
25.504918032786886
25.509836065573772
\
25.504918032786886
25.490163934426228
25.495081967213114
25.498360655737706
25.49344262295082
25.491803278688526
25.49672131147541
25.49672131147541
25.495081967213114
25.49344262295082
25.495081967213114
25.501639344262294
25.495081967213114
25.5
25.498360655737706
25.504918032786886
25.509836065573772
25.509836065573772
25.504918032786886
25.509836065573772
25.509836065573772
25.5
25.504918032786886
25.498360655737706
25.504918032786886
\
25.49672131147541
25.488524590163934
25.490163934426228
25.495081967213114
25.490163934426228
25.491803278688526
25.498360655737706
25.495081967213114
25.495081967213114
25.495081967213114
25.49672131147541
25.504918032786886
25.49672131147541
25.501639344262294
25.495081967213114
25.501639344262294
25.503278688524592
25.503278688524592
25.504918032786886
25.504918032786886
25.509836065573772
25.5
25.498360655737706
25.49344262295082
25.495081967213114
\
25.5
25.490163934426228
25.49344262295082
25.495081967213114
25.49344262295082
25.49672131147541
25.504918032786886
25.5
25.5
25.514754098360655
25.509836065573772
25.521311475409835
25.504918032786886
25.51311475409836
25.504918032786886
25.509836065573772
25.509836065573772
25.509836065573772
25.508196721311474
25.508196721311474
25.509836065573772
25.501639344262294
25.503278688524592
25.501639344262294
25.504918032786886
\
25.504918032786886
25.491803278688526
25.49344262295082
25.49344262295082
25.491803278688526
25.49672131147541
25.51311475409836
25.504918032786886
25.504918032786886
25.509836065573772
25.514754098360655
25.521311475409835
25.511475409836066
25.51311475409836
25.504918032786886
25.509836065573772
25.509836065573772
25.508196721311474
25.508196721311474
25.5
25.511475409836066
25.503278688524592
25.504918032786886
25.5
25.504918032786886
\
25.509836065573772
25.495081967213114
25.49672131147541
25.504918032786886
25.495081967213114
25.501639344262294
25.514754098360655
25.516393442622952
25.509836065573772
25.509836065573772
25.509836065573772
25.516393442622952
25.509836065573772
25.516393442622952
25.503278688524592
25.509836065573772
25.514754098360655
25.509836065573772
25.509836065573772
25.504918032786886
25.509836065573772
25.5
25.501639344262294
25.5
25.508196721311474
\
25.509836065573772
25.495081967213114
25.501639344262294
25.509836065573772
25.501639344262294
25.508196721311474
25.516393442622952
25.514754098360655
25.514754098360655
25.509836065573772
25.509836065573772
25.518032786885247
25.508196721311474
25.51311475409836
25.498360655737706
25.509836065573772
25.509836065573772
25.511475409836066
25.504918032786886
25.504918032786886
25.509836065573772
25.501639344262294
25.508196721311474
25.5
25.511475409836066
\
