25.514754098360655
25.514754098360655
25.518032786885247
25.518032786885247
25.504918032786886
25.504918032786886
25.51967213114754
25.518032786885247
25.518032786885247
25.514754098360655
25.514754098360655
25.516393442622952
25.504918032786886
25.518032786885247
25.521311475409835
25.508196721311474
25.501639344262294
25.516393442622952
25.498360655737706
25.516393442622952
25.501639344262294
\
25.514754098360655
25.504918032786886
25.504918032786886
25.504918032786886
25.504918032786886
25.504918032786886
25.51967213114754
25.514754098360655
25.504918032786886
25.504918032786886
25.504918032786886
25.504918032786886
25.498360655737706
25.516393442622952
25.514754098360655
25.508196721311474
25.495081967213114
25.498360655737706
25.498360655737706
25.504918032786886
25.498360655737706
\
25.514754098360655
25.504918032786886
25.514754098360655
25.508196721311474
25.514754098360655
25.516393442622952
25.521311475409835
25.514754098360655
25.504918032786886
25.498360655737706
25.498360655737706
25.504918032786886
25.498360655737706
25.504918032786886
25.504918032786886
25.501639344262294
25.501639344262294
25.504918032786886
25.495081967213114
25.504918032786886
25.504918032786886
\
25.521311475409835
25.504918032786886
25.516393442622952
25.504918032786886
25.504918032786886
25.514754098360655
25.521311475409835
25.518032786885247
25.516393442622952
25.501639344262294
25.504918032786886
25.516393442622952
25.498360655737706
25.504918032786886
25.516393442622952
25.501639344262294
25.501639344262294
25.518032786885247
25.498360655737706
25.516393442622952
25.501639344262294
\
25.521311475409835
25.504918032786886
25.504918032786886
25.504918032786886
25.508196721311474
25.501639344262294
25.516393442622952
25.501639344262294
25.498360655737706
25.504918032786886
25.508196721311474
25.514754098360655
25.508196721311474
25.495081967213114
25.498360655737706
25.501639344262294
25.501639344262294
25.508196721311474
25.504918032786886
25.498360655737706
25.498360655737706
25.501639344262294
25.49344262295082
25.514754098360655
25.495081967213114
\
25.518032786885247
25.516393442622952
25.504918032786886
25.504918032786886
25.508196721311474
25.498360655737706
25.516393442622952
25.504918032786886
25.504918032786886
25.504918032786886
25.516393442622952
25.514754098360655
25.504918032786886
25.498360655737706
25.498360655737706
25.504918032786886
25.498360655737706
25.504918032786886
25.508196721311474
25.501639344262294
25.49672131147541
25.516393442622952
25.495081967213114
25.508196721311474
25.504918032786886
\
25.522950819672133
25.516393442622952
25.518032786885247
25.504918032786886
25.504918032786886
25.504918032786886
25.516393442622952
25.504918032786886
25.514754098360655
25.516393442622952
25.518032786885247
25.504918032786886
25.504918032786886
25.504918032786886
25.501639344262294
25.508196721311474
25.501639344262294
25.508196721311474
25.516393442622952
25.504918032786886
25.501639344262294
25.514754098360655
25.498360655737706
25.516393442622952
25.501639344262294
\
25.527868852459015
25.514754098360655
25.516393442622952
25.508196721311474
25.516393442622952
25.514754098360655
25.521311475409835
25.508196721311474
25.518032786885247
25.518032786885247
25.521311475409835
25.514754098360655
25.504918032786886
25.501639344262294
25.498360655737706
25.501639344262294
25.501639344262294
25.514754098360655
25.518032786885247
25.504918032786886
25.501639344262294
25.518032786885247
25.501639344262294
25.518032786885247
25.504918032786886
\
25.518032786885247
25.514754098360655
25.514754098360655
25.516393442622952
25.514754098360655
25.508196721311474
25.51967213114754
25.504918032786886
25.514754098360655
25.514754098360655
25.518032786885247
25.504918032786886
25.501639344262294
25.501639344262294
25.498360655737706
25.504918032786886
25.504918032786886
25.504918032786886
25.516393442622952
25.501639344262294
25.501639344262294
25.514754098360655
25.498360655737706
25.514754098360655
25.501639344262294
\
25.522950819672133
25.518032786885247
25.514754098360655
25.516393442622952
25.518032786885247
25.516393442622952
25.52622950819672
25.518032786885247
25.521311475409835
25.508196721311474
25.51967213114754
25.508196721311474
25.501639344262294
25.504918032786886
25.501639344262294
25.508196721311474
25.504918032786886
25.514754098360655
25.516393442622952
25.508196721311474
25.498360655737706
25.518032786885247
25.504918032786886
25.516393442622952
25.508196721311474
\
25.534426229508195
25.521311475409835
25.521311475409835
25.521311475409835
25.514754098360655
25.518032786885247
25.527868852459015
25.518032786885247
25.518032786885247
25.518032786885247
25.52622950819672
25.516393442622952
25.504918032786886
25.504918032786886
25.501639344262294
25.508196721311474
25.501639344262294
25.518032786885247
25.521311475409835
25.508196721311474
25.501639344262294
25.518032786885247
25.501639344262294
25.516393442622952
25.501639344262294
\
25.52622950819672
25.518032786885247
25.518032786885247
25.518032786885247
25.514754098360655
25.504918032786886
25.521311475409835
25.508196721311474
25.508196721311474
25.514754098360655
25.527868852459015
25.508196721311474
25.504918032786886
25.504918032786886
25.501639344262294
25.504918032786886
25.498360655737706
25.508196721311474
25.518032786885247
25.504918032786886
25.501639344262294
25.514754098360655
25.501639344262294
25.504918032786886
25.498360655737706
\
25.521311475409835
25.516393442622952
25.516393442622952
25.504918032786886
25.504918032786886
25.501639344262294
25.516393442622952
25.504918032786886
25.504918032786886
25.514754098360655
25.522950819672133
25.518032786885247
25.504918032786886
25.514754098360655
25.501639344262294
25.504918032786886
25.495081967213114
25.504918032786886
25.514754098360655
25.501639344262294
25.495081967213114
25.504918032786886
25.498360655737706
25.504918032786886
25.498360655737706
\
25.52622950819672
25.521311475409835
25.518032786885247
25.504918032786886
25.514754098360655
25.504918032786886
25.518032786885247
25.514754098360655
25.508196721311474
25.504918032786886
25.527868852459015
25.521311475409835
25.518032786885247
25.518032786885247
25.516393442622952
25.504918032786886
25.501639344262294
25.504918032786886
25.508196721311474
25.504918032786886
25.501639344262294
25.504918032786886
25.498360655737706
25.508196721311474
25.501639344262294
\
25.534426229508195
25.518032786885247
25.521311475409835
25.514754098360655
25.504918032786886
25.504918032786886
25.516393442622952
25.504918032786886
25.501639344262294
25.504918032786886
25.518032786885247
25.518032786885247
25.518032786885247
25.516393442622952
25.516393442622952
25.504918032786886
25.501639344262294
25.508196721311474
25.504918032786886
25.501639344262294
25.498360655737706
25.501639344262294
25.498360655737706
25.501639344262294
25.501639344262294
\
25.522950819672133
25.51967213114754
25.518032786885247
25.504918032786886
25.504918032786886
25.498360655737706
25.516393442622952
25.498360655737706
25.501639344262294
25.504918032786886
25.518032786885247
25.504918032786886
25.504918032786886
25.504918032786886
25.504918032786886
25.504918032786886
25.501639344262294
25.508196721311474
25.504918032786886
25.501639344262294
25.501639344262294
25.504918032786886
25.498360655737706
25.514754098360655
25.501639344262294
\
