25.52622950819672
25.51967213114754
25.52622950819672
25.51967213114754
25.522950819672133
25.51967213114754
25.51967213114754
25.518032786885247
25.52622950819672
25.52622950819672
25.52622950819672
25.527868852459015
25.514754098360655
25.51967213114754
25.521311475409835
25.51311475409836
25.52622950819672
25.522950819672133
25.51311475409836
25.514754098360655
25.522950819672133
\
25.521311475409835
25.51311475409836
25.51967213114754
25.508196721311474
25.521311475409835
25.522950819672133
25.518032786885247
25.518032786885247
25.51967213114754
25.51967213114754
25.51967213114754
25.52622950819672
25.518032786885247
25.514754098360655
25.51967213114754
25.508196721311474
25.524590163934427
25.51311475409836
25.51311475409836
25.516393442622952
25.509836065573772
\
25.52622950819672
25.51311475409836
25.521311475409835
25.51311475409836
25.51967213114754
25.52622950819672
25.516393442622952
25.516393442622952
25.51967213114754
25.51967213114754
25.514754098360655
25.52622950819672
25.516393442622952
25.516393442622952
25.518032786885247
25.508196721311474
25.527868852459015
25.508196721311474
25.51967213114754
25.51311475409836
25.509836065573772
\
25.529508196721313
25.51967213114754
25.521311475409835
25.514754098360655
25.51967213114754
25.518032786885247
25.521311475409835
25.52622950819672
25.51967213114754
25.516393442622952
25.51967213114754
25.52622950819672
25.51967213114754
25.516393442622952
25.522950819672133
25.508196721311474
25.522950819672133
25.51311475409836
25.51967213114754
25.516393442622952
25.514754098360655
\
25.52622950819672
25.51311475409836
25.51311475409836
25.516393442622952
25.514754098360655
25.508196721311474
25.51967213114754
25.516393442622952
25.514754098360655
25.514754098360655
25.51311475409836
25.516393442622952
25.514754098360655
25.51311475409836
25.516393442622952
25.522950819672133
25.516393442622952
25.51311475409836
25.514754098360655
25.501639344262294
25.522950819672133
25.514754098360655
25.516393442622952
25.51311475409836
25.514754098360655
\
25.52622950819672
25.508196721311474
25.516393442622952
25.521311475409835
25.514754098360655
25.509836065573772
25.522950819672133
25.51311475409836
25.514754098360655
25.514754098360655
25.514754098360655
25.51311475409836
25.508196721311474
25.509836065573772
25.509836065573772
25.51967213114754
25.509836065573772
25.508196721311474
25.51311475409836
25.501639344262294
25.51967213114754
25.51311475409836
25.516393442622952
25.509836065573772
25.514754098360655
\
25.521311475409835
25.509836065573772
25.51967213114754
25.518032786885247
25.516393442622952
25.51311475409836
25.524590163934427
25.51311475409836
25.516393442622952
25.52622950819672
25.516393442622952
25.51311475409836
25.508196721311474
25.51311475409836
25.508196721311474
25.518032786885247
25.509836065573772
25.508196721311474
25.51311475409836
25.508196721311474
25.518032786885247
25.508196721311474
25.509836065573772
25.509836065573772
25.514754098360655
\
25.527868852459015
25.514754098360655
25.51967213114754
25.52622950819672
25.518032786885247
25.522950819672133
25.527868852459015
25.514754098360655
25.51967213114754
25.51967213114754
25.51967213114754
25.509836065573772
25.509836065573772
25.516393442622952
25.508196721311474
25.522950819672133
25.51311475409836
25.509836065573772
25.516393442622952
25.508196721311474
25.516393442622952
25.51311475409836
25.514754098360655
25.516393442622952
25.516393442622952
\
25.52622950819672
25.51311475409836
25.51967213114754
25.527868852459015
25.52622950819672
25.51967213114754
25.52622950819672
25.516393442622952
25.51967213114754
25.516393442622952
25.51311475409836
25.504918032786886
25.509836065573772
25.514754098360655
25.514754098360655
25.51967213114754
25.514754098360655
25.508196721311474
25.511475409836066
25.508196721311474
25.518032786885247
25.508196721311474
25.514754098360655
25.51967213114754
25.508196721311474
\
25.52622950819672
25.514754098360655
25.514754098360655
25.527868852459015
25.52622950819672
25.521311475409835
25.52622950819672
25.51967213114754
25.51967213114754
25.51967213114754
25.509836065573772
25.508196721311474
25.51311475409836
25.51311475409836
25.514754098360655
25.521311475409835
25.51311475409836
25.508196721311474
25.51311475409836
25.508196721311474
25.51967213114754
25.509836065573772
25.51311475409836
25.516393442622952
25.504918032786886
\
25.534426229508195
25.522950819672133
25.521311475409835
25.534426229508195
25.51967213114754
25.521311475409835
25.529508196721313
25.516393442622952
25.521311475409835
25.522950819672133
25.518032786885247
25.508196721311474
25.509836065573772
25.508196721311474
25.509836065573772
25.51967213114754
25.509836065573772
25.51311475409836
25.509836065573772
25.508196721311474
25.51967213114754
25.51311475409836
25.509836065573772
25.51311475409836
25.501639344262294
\
25.52622950819672
25.521311475409835
25.522950819672133
25.527868852459015
25.521311475409835
25.522950819672133
25.52622950819672
25.51967213114754
25.521311475409835
25.521311475409835
25.518032786885247
25.508196721311474
25.516393442622952
25.509836065573772
25.508196721311474
25.516393442622952
25.509836065573772
25.509836065573772
25.509836065573772
25.501639344262294
25.51967213114754
25.508196721311474
25.508196721311474
25.508196721311474
25.504918032786886
\
25.52622950819672
25.51967213114754
25.52622950819672
25.52622950819672
25.52622950819672
25.521311475409835
25.521311475409835
25.516393442622952
25.521311475409835
25.527868852459015
25.518032786885247
25.516393442622952
25.52622950819672
25.522950819672133
25.514754098360655
25.52622950819672
25.516393442622952
25.514754098360655
25.514754098360655
25.508196721311474
25.522950819672133
25.508196721311474
25.514754098360655
25.509836065573772
25.508196721311474
\
25.527868852459015
25.52622950819672
25.52622950819672
25.527868852459015
25.516393442622952
25.521311475409835
25.52622950819672
25.516393442622952
25.52622950819672
25.52622950819672
25.51967213114754
25.51967213114754
25.529508196721313
25.527868852459015
25.51967213114754
25.52622950819672
25.51967213114754
25.508196721311474
25.51311475409836
25.51311475409836
25.52622950819672
25.516393442622952
25.51967213114754
25.514754098360655
25.501639344262294
\
25.5327868852459
25.521311475409835
25.52622950819672
25.52622950819672
25.521311475409835
25.52622950819672
25.516393442622952
25.516393442622952
25.522950819672133
25.522950819672133
25.51967213114754
25.514754098360655
25.52622950819672
25.527868852459015
25.51967213114754
25.527868852459015
25.51967213114754
25.51311475409836
25.51311475409836
25.51311475409836
25.52622950819672
25.521311475409835
25.51967213114754
25.516393442622952
25.504918032786886
\
25.527868852459015
25.522950819672133
25.52622950819672
25.52622950819672
25.52622950819672
25.521311475409835
25.51967213114754
25.518032786885247
25.516393442622952
25.521311475409835
25.51311475409836
25.514754098360655
25.51967213114754
25.51967213114754
25.518032786885247
25.527868852459015
25.51967213114754
25.516393442622952
25.51967213114754
25.509836065573772
25.527868852459015
25.52622950819672
25.51967213114754
25.51967213114754
25.509836065573772
\
