25.521311475409835
25.51967213114754
25.518032786885247
25.518032786885247
25.518032786885247
25.51967213114754
25.51967213114754
25.51311475409836
25.518032786885247
25.518032786885247
25.518032786885247
25.518032786885247
25.516393442622952
25.518032786885247
25.514754098360655
25.518032786885247
25.50655737704918
25.498360655737706
25.491803278688526
25.5
25.5
\
25.504918032786886
25.504918032786886
25.50655737704918
25.50655737704918
25.50655737704918
25.50655737704918
25.508196721311474
25.501639344262294
25.514754098360655
25.50655737704918
25.504918032786886
25.50655737704918
25.50655737704918
25.50655737704918
25.50655737704918
25.50655737704918
25.504918032786886
25.495081967213114
25.49672131147541
25.495081967213114
25.49344262295082
\
25.50655737704918
25.501639344262294
25.5
25.503278688524592
25.50655737704918
25.50655737704918
25.50655737704918
25.5
25.503278688524592
25.504918032786886
25.503278688524592
25.50655737704918
25.503278688524592
25.508196721311474
25.503278688524592
25.50655737704918
25.508196721311474
25.50655737704918
25.495081967213114
25.495081967213114
25.491803278688526
\
25.508196721311474
25.50655737704918
25.503278688524592
25.503278688524592
25.50655737704918
25.50655737704918
25.514754098360655
25.503278688524592
25.50655737704918
25.50655737704918
25.508196721311474
25.514754098360655
25.50655737704918
25.50655737704918
25.501639344262294
25.50655737704918
25.50655737704918
25.503278688524592
25.495081967213114
25.495081967213114
25.491803278688526
\
25.50655737704918
25.514754098360655
25.508196721311474
25.514754098360655
25.50655737704918
25.508196721311474
25.50655737704918
25.50655737704918
25.514754098360655
25.514754098360655
25.514754098360655
25.508196721311474
25.514754098360655
25.50655737704918
25.514754098360655
25.50655737704918
25.50655737704918
25.51311475409836
25.504918032786886
25.50655737704918
25.50655737704918
25.5
25.491803278688526
25.495081967213114
25.498360655737706
\
25.501639344262294
25.514754098360655
25.516393442622952
25.518032786885247
25.50655737704918
25.514754098360655
25.50655737704918
25.50655737704918
25.516393442622952
25.514754098360655
25.516393442622952
25.508196721311474
25.50655737704918
25.50655737704918
25.50655737704918
25.50655737704918
25.501639344262294
25.50655737704918
25.503278688524592
25.50655737704918
25.50655737704918
25.5
25.495081967213114
25.495081967213114
25.498360655737706
\
25.503278688524592
25.514754098360655
25.516393442622952
25.518032786885247
25.516393442622952
25.514754098360655
25.516393442622952
25.514754098360655
25.518032786885247
25.518032786885247
25.518032786885247
25.50655737704918
25.503278688524592
25.503278688524592
25.503278688524592
25.5
25.5
25.504918032786886
25.501639344262294
25.503278688524592
25.503278688524592
25.501639344262294
25.495081967213114
25.495081967213114
25.5
\
25.503278688524592
25.50655737704918
25.516393442622952
25.514754098360655
25.51967213114754
25.518032786885247
25.518032786885247
25.518032786885247
25.51967213114754
25.51967213114754
25.50655737704918
25.504918032786886
25.50655737704918
25.501639344262294
25.504918032786886
25.504918032786886
25.498360655737706
25.50655737704918
25.503278688524592
25.501639344262294
25.501639344262294
25.501639344262294
25.495081967213114
25.49344262295082
25.5
\
25.5
25.50655737704918
25.508196721311474
25.514754098360655
25.518032786885247
25.516393442622952
25.514754098360655
25.514754098360655
25.518032786885247
25.516393442622952
25.516393442622952
25.50655737704918
25.514754098360655
25.501639344262294
25.501639344262294
25.50655737704918
25.501639344262294
25.508196721311474
25.503278688524592
25.501639344262294
25.501639344262294
25.501639344262294
25.491803278688526
25.495081967213114
25.498360655737706
\
25.501639344262294
25.514754098360655
25.51967213114754
25.518032786885247
25.518032786885247
25.518032786885247
25.518032786885247
25.518032786885247
25.518032786885247
25.51967213114754
25.51967213114754
25.50655737704918
25.508196721311474
25.501639344262294
25.501639344262294
25.50655737704918
25.50655737704918
25.514754098360655
25.50655737704918
25.50655737704918
25.50655737704918
25.50655737704918
25.495081967213114
25.49672131147541
25.5
\
25.5
25.50655737704918
25.50655737704918
25.514754098360655
25.514754098360655
25.514754098360655
25.503278688524592
25.508196721311474
25.516393442622952
25.516393442622952
25.514754098360655
25.5
25.495081967213114
25.491803278688526
25.495081967213114
25.5
25.503278688524592
25.516393442622952
25.503278688524592
25.504918032786886
25.504918032786886
25.503278688524592
25.49344262295082
25.49344262295082
25.495081967213114
\
25.503278688524592
25.508196721311474
25.518032786885247
25.50655737704918
25.514754098360655
25.51311475409836
25.516393442622952
25.51967213114754
25.518032786885247
25.518032786885247
25.518032786885247
25.50655737704918
25.498360655737706
25.490163934426228
25.491803278688526
25.5
25.503278688524592
25.516393442622952
25.50655737704918
25.51311475409836
25.50655737704918
25.5
25.491803278688526
25.495081967213114
25.5
\
25.50655737704918
25.514754098360655
25.518032786885247
25.50655737704918
25.516393442622952
25.514754098360655
25.518032786885247
25.518032786885247
25.518032786885247
25.51967213114754
25.518032786885247
25.50655737704918
25.501639344262294
25.495081967213114
25.491803278688526
25.501639344262294
25.514754098360655
25.521311475409835
25.50655737704918
25.518032786885247
25.50655737704918
25.50655737704918
25.498360655737706
25.495081967213114
25.498360655737706
\
25.50655737704918
25.518032786885247
25.51967213114754
25.518032786885247
25.51967213114754
25.51967213114754
25.518032786885247
25.518032786885247
25.514754098360655
25.51967213114754
25.51967213114754
25.50655737704918
25.503278688524592
25.5
25.5
25.50655737704918
25.516393442622952
25.51967213114754
25.514754098360655
25.516393442622952
25.514754098360655
25.51311475409836
25.501639344262294
25.5
25.5
\
25.51311475409836
25.51967213114754
25.51967213114754
25.518032786885247
25.51967213114754
25.51967213114754
25.516393442622952
25.518032786885247
25.514754098360655
25.51967213114754
25.51967213114754
25.508196721311474
25.518032786885247
25.50655737704918
25.5
25.50655737704918
25.518032786885247
25.51967213114754
25.50655737704918
25.514754098360655
25.508196721311474
25.50655737704918
25.501639344262294
25.5
25.5
\
25.518032786885247
25.524590163934427
25.521311475409835
25.518032786885247
25.518032786885247
25.518032786885247
25.518032786885247
25.516393442622952
25.51967213114754
25.518032786885247
25.51967213114754
25.518032786885247
25.521311475409835
25.51967213114754
25.518032786885247
25.518032786885247
25.518032786885247
25.518032786885247
25.514754098360655
25.514754098360655
25.51311475409836
25.50655737704918
25.5
25.5
25.5
\
