25.501639344262294
25.5
25.495081967213114
25.49344262295082
25.495081967213114
25.501639344262294
25.501639344262294
25.501639344262294
25.501639344262294
25.504918032786886
25.501639344262294
25.503278688524592
25.504918032786886
25.508196721311474
25.508196721311474
25.504918032786886
25.50655737704918
25.514754098360655
25.51311475409836
25.508196721311474
25.5
\
25.49344262295082
25.49344262295082
25.49344262295082
25.48688524590164
25.49344262295082
25.495081967213114
25.49344262295082
25.49344262295082
25.49344262295082
25.495081967213114
25.495081967213114
25.495081967213114
25.49672131147541
25.49672131147541
25.5
25.495081967213114
25.495081967213114
25.501639344262294
25.501639344262294
25.5
25.49344262295082
\
25.49344262295082
25.49672131147541
25.495081967213114
25.488524590163934
25.49344262295082
25.5
25.495081967213114
25.495081967213114
25.49344262295082
25.495081967213114
25.495081967213114
25.49344262295082
25.495081967213114
25.5
25.5
25.495081967213114
25.49344262295082
25.503278688524592
25.504918032786886
25.5
25.495081967213114
\
25.49672131147541
25.495081967213114
25.495081967213114
25.490163934426228
25.495081967213114
25.5
25.495081967213114
25.495081967213114
25.49344262295082
25.49344262295082
25.495081967213114
25.49344262295082
25.49344262295082
25.495081967213114
25.5
25.49344262295082
25.49344262295082
25.501639344262294
25.503278688524592
25.5
25.49672131147541
\
25.5
25.49344262295082
25.495081967213114
25.495081967213114
25.495081967213114
25.5
25.495081967213114
25.49344262295082
25.5
25.5
25.49672131147541
25.49672131147541
25.49344262295082
25.49344262295082
25.495081967213114
25.49344262295082
25.495081967213114
25.495081967213114
25.501639344262294
25.49344262295082
25.49344262295082
25.503278688524592
25.504918032786886
25.501639344262294
25.5
\
25.5
25.49344262295082
25.495081967213114
25.498360655737706
25.5
25.501639344262294
25.495081967213114
25.49344262295082
25.5
25.5
25.495081967213114
25.495081967213114
25.491803278688526
25.49344262295082
25.49344262295082
25.49344262295082
25.49344262295082
25.49344262295082
25.5
25.495081967213114
25.491803278688526
25.501639344262294
25.503278688524592
25.5
25.501639344262294
\
25.495081967213114
25.495081967213114
25.498360655737706
25.495081967213114
25.495081967213114
25.5
25.495081967213114
25.49344262295082
25.5
25.504918032786886
25.501639344262294
25.49672131147541
25.495081967213114
25.49344262295082
25.498360655737706
25.495081967213114
25.495081967213114
25.5
25.501639344262294
25.495081967213114
25.49344262295082
25.503278688524592
25.50655737704918
25.50655737704918
25.503278688524592
\
25.501639344262294
25.5
25.501639344262294
25.5
25.5
25.501639344262294
25.5
25.495081967213114
25.501639344262294
25.504918032786886
25.504918032786886
25.501639344262294
25.495081967213114
25.495081967213114
25.498360655737706
25.498360655737706
25.5
25.501639344262294
25.501639344262294
25.49672131147541
25.5
25.508196721311474
25.508196721311474
25.508196721311474
25.50655737704918
\
25.5
25.5
25.5
25.501639344262294
25.5
25.501639344262294
25.5
25.495081967213114
25.501639344262294
25.501639344262294
25.5
25.495081967213114
25.491803278688526
25.49344262295082
25.49672131147541
25.495081967213114
25.495081967213114
25.495081967213114
25.5
25.5
25.495081967213114
25.508196721311474
25.504918032786886
25.508196721311474
25.50655737704918
\
25.5
25.495081967213114
25.495081967213114
25.5
25.495081967213114
25.5
25.5
25.49672131147541
25.501639344262294
25.501639344262294
25.5
25.49672131147541
25.491803278688526
25.491803278688526
25.495081967213114
25.49344262295082
25.495081967213114
25.495081967213114
25.5
25.495081967213114
25.49672131147541
25.508196721311474
25.508196721311474
25.508196721311474
25.508196721311474
\
25.5
25.495081967213114
25.5
25.5
25.498360655737706
25.501639344262294
25.5
25.5
25.504918032786886
25.504918032786886
25.5
25.501639344262294
25.49344262295082
25.49344262295082
25.5
25.49672131147541
25.49672131147541
25.49672131147541
25.504918032786886
25.5
25.5
25.504918032786886
25.50655737704918
25.508196721311474
25.508196721311474
\
25.5
25.5
25.5
25.5
25.5
25.5
25.5
25.495081967213114
25.503278688524592
25.504918032786886
25.503278688524592
25.501639344262294
25.495081967213114
25.49344262295082
25.5
25.495081967213114
25.495081967213114
25.49672131147541
25.503278688524592
25.5
25.5
25.503278688524592
25.503278688524592
25.508196721311474
25.508196721311474
\
25.5
25.49672131147541
25.501639344262294
25.5
25.5
25.501639344262294
25.495081967213114
25.49344262295082
25.5
25.504918032786886
25.503278688524592
25.503278688524592
25.5
25.49672131147541
25.501639344262294
25.49672131147541
25.495081967213114
25.495081967213114
25.501639344262294
25.495081967213114
25.495081967213114
25.5
25.501639344262294
25.504918032786886
25.50655737704918
\
25.501639344262294
25.495081967213114
25.49672131147541
25.49672131147541
25.498360655737706
25.495081967213114
25.495081967213114
25.49344262295082
25.501639344262294
25.503278688524592
25.503278688524592
25.504918032786886
25.501639344262294
25.501639344262294
25.501639344262294
25.49672131147541
25.495081967213114
25.49344262295082
25.49672131147541
25.49344262295082
25.495081967213114
25.504918032786886
25.501639344262294
25.504918032786886
25.508196721311474
\
25.5
25.495081967213114
25.495081967213114
25.495081967213114
25.495081967213114
25.49672131147541
25.495081967213114
25.490163934426228
25.498360655737706
25.5
25.49672131147541
25.501639344262294
25.49672131147541
25.495081967213114
25.501639344262294
25.495081967213114
25.49344262295082
25.495081967213114
25.495081967213114
25.49344262295082
25.49344262295082
25.501639344262294
25.501639344262294
25.503278688524592
25.504918032786886
\
25.5
25.495081967213114
25.5
25.5
25.5
25.501639344262294
25.49672131147541
25.491803278688526
25.495081967213114
25.49672131147541
25.49344262295082
25.49344262295082
25.490163934426228
25.49344262295082
25.498360655737706
25.495081967213114
25.495081967213114
25.495081967213114
25.49672131147541
25.495081967213114
25.49672131147541
25.508196721311474
25.508196721311474
25.50655737704918
25.508196721311474
\
