25.511475409836066
25.516393442622952
25.518032786885247
25.508196721311474
25.508196721311474
25.511475409836066
25.51311475409836
25.516393442622952
25.521311475409835
25.51967213114754
25.518032786885247
25.518032786885247
25.524590163934427
25.521311475409835
25.522950819672133
25.524590163934427
25.521311475409835
25.527868852459015
25.518032786885247
25.51967213114754
25.511475409836066
\
25.501639344262294
25.504918032786886
25.511475409836066
25.501639344262294
25.5
25.503278688524592
25.501639344262294
25.5
25.50655737704918
25.50655737704918
25.504918032786886
25.504918032786886
25.511475409836066
25.50655737704918
25.508196721311474
25.508196721311474
25.508196721311474
25.516393442622952
25.509836065573772
25.511475409836066
25.5
\
25.501639344262294
25.511475409836066
25.51311475409836
25.50655737704918
25.5
25.504918032786886
25.50655737704918
25.50655737704918
25.504918032786886
25.508196721311474
25.508196721311474
25.5
25.511475409836066
25.508196721311474
25.508196721311474
25.508196721311474
25.508196721311474
25.518032786885247
25.511475409836066
25.508196721311474
25.503278688524592
\
25.508196721311474
25.511475409836066
25.511475409836066
25.504918032786886
25.503278688524592
25.503278688524592
25.508196721311474
25.508196721311474
25.509836065573772
25.501639344262294
25.50655737704918
25.503278688524592
25.508196721311474
25.5
25.508196721311474
25.503278688524592
25.5
25.518032786885247
25.511475409836066
25.508196721311474
25.504918032786886
\
25.516393442622952
25.50655737704918
25.511475409836066
25.508196721311474
25.50655737704918
25.511475409836066
25.511475409836066
25.508196721311474
25.508196721311474
25.508196721311474
25.508196721311474
25.508196721311474
25.516393442622952
25.504918032786886
25.50655737704918
25.503278688524592
25.511475409836066
25.503278688524592
25.511475409836066
25.504918032786886
25.503278688524592
25.518032786885247
25.511475409836066
25.516393442622952
25.508196721311474
\
25.511475409836066
25.504918032786886
25.508196721311474
25.508196721311474
25.50655737704918
25.511475409836066
25.514754098360655
25.511475409836066
25.511475409836066
25.50655737704918
25.504918032786886
25.504918032786886
25.508196721311474
25.503278688524592
25.503278688524592
25.501639344262294
25.508196721311474
25.5
25.508196721311474
25.508196721311474
25.503278688524592
25.518032786885247
25.514754098360655
25.518032786885247
25.516393442622952
\
25.503278688524592
25.503278688524592
25.51311475409836
25.503278688524592
25.503278688524592
25.50655737704918
25.514754098360655
25.504918032786886
25.504918032786886
25.514754098360655
25.508196721311474
25.504918032786886
25.508196721311474
25.503278688524592
25.508196721311474
25.503278688524592
25.50655737704918
25.50655737704918
25.508196721311474
25.504918032786886
25.50655737704918
25.516393442622952
25.514754098360655
25.516393442622952
25.514754098360655
\
25.514754098360655
25.51311475409836
25.514754098360655
25.511475409836066
25.50655737704918
25.511475409836066
25.518032786885247
25.508196721311474
25.508196721311474
25.516393442622952
25.51311475409836
25.508196721311474
25.508196721311474
25.504918032786886
25.511475409836066
25.50655737704918
25.516393442622952
25.514754098360655
25.51311475409836
25.504918032786886
25.508196721311474
25.522950819672133
25.518032786885247
25.522950819672133
25.518032786885247
\
25.511475409836066
25.508196721311474
25.511475409836066
25.504918032786886
25.50655737704918
25.51311475409836
25.51311475409836
25.508196721311474
25.504918032786886
25.504918032786886
25.504918032786886
25.503278688524592
25.503278688524592
25.503278688524592
25.508196721311474
25.504918032786886
25.511475409836066
25.504918032786886
25.508196721311474
25.508196721311474
25.508196721311474
25.524590163934427
25.511475409836066
25.51967213114754
25.518032786885247
\
25.503278688524592
25.503278688524592
25.50655737704918
25.504918032786886
25.504918032786886
25.508196721311474
25.508196721311474
25.511475409836066
25.504918032786886
25.503278688524592
25.501639344262294
25.501639344262294
25.503278688524592
25.5
25.508196721311474
25.501639344262294
25.508196721311474
25.501639344262294
25.508196721311474
25.508196721311474
25.508196721311474
25.522950819672133
25.518032786885247
25.518032786885247
25.518032786885247
\
25.511475409836066
25.504918032786886
25.508196721311474
25.511475409836066
25.50655737704918
25.51311475409836
25.516393442622952
25.516393442622952
25.51311475409836
25.51311475409836
25.508196721311474
25.508196721311474
25.50655737704918
25.501639344262294
25.516393442622952
25.508196721311474
25.511475409836066
25.501639344262294
25.516393442622952
25.511475409836066
25.516393442622952
25.521311475409835
25.518032786885247
25.51967213114754
25.522950819672133
\
25.504918032786886
25.504918032786886
25.508196721311474
25.503278688524592
25.504918032786886
25.508196721311474
25.511475409836066
25.511475409836066
25.504918032786886
25.509836065573772
25.508196721311474
25.508196721311474
25.508196721311474
25.501639344262294
25.508196721311474
25.501639344262294
25.508196721311474
25.501639344262294
25.51311475409836
25.511475409836066
25.511475409836066
25.518032786885247
25.508196721311474
25.516393442622952
25.521311475409835
\
25.51311475409836
25.504918032786886
25.511475409836066
25.504918032786886
25.504918032786886
25.51311475409836
25.511475409836066
25.504918032786886
25.503278688524592
25.511475409836066
25.508196721311474
25.511475409836066
25.516393442622952
25.508196721311474
25.508196721311474
25.50655737704918
25.508196721311474
25.501639344262294
25.51311475409836
25.511475409836066
25.508196721311474
25.514754098360655
25.508196721311474
25.511475409836066
25.518032786885247
\
25.511475409836066
25.504918032786886
25.508196721311474
25.508196721311474
25.503278688524592
25.508196721311474
25.508196721311474
25.508196721311474
25.508196721311474
25.508196721311474
25.511475409836066
25.51311475409836
25.51967213114754
25.514754098360655
25.51311475409836
25.504918032786886
25.511475409836066
25.495081967213114
25.503278688524592
25.504918032786886
25.508196721311474
25.518032786885247
25.504918032786886
25.51311475409836
25.516393442622952
\
25.504918032786886
25.501639344262294
25.504918032786886
25.501639344262294
25.5
25.508196721311474
25.503278688524592
25.501639344262294
25.501639344262294
25.503278688524592
25.5
25.508196721311474
25.508196721311474
25.501639344262294
25.508196721311474
25.5
25.509836065573772
25.495081967213114
25.49672131147541
25.5
25.501639344262294
25.516393442622952
25.5
25.511475409836066
25.51311475409836
\
25.5
25.5
25.511475409836066
25.504918032786886
25.508196721311474
25.51311475409836
25.511475409836066
25.501639344262294
25.498360655737706
25.5
25.5
25.5
25.501639344262294
25.498360655737706
25.508196721311474
25.501639344262294
25.508196721311474
25.498360655737706
25.5
25.501639344262294
25.511475409836066
25.521311475409835
25.508196721311474
25.51311475409836
25.514754098360655
\
