23.442622950819672
23.442622950819672
23.19344262295082
23.19344262295082
23.160655737704918
23.121311475409836
23.140983606557377
23.101639344262296
23.075409836065575
23.108196721311476
23.101639344262296
23.088524590163935
23.075409836065575
22.931147540983606
22.891803278688524
22.872131147540983
22.76065573770492
22.4
21.99344262295082
21.40983606557377
20.898360655737704
\
23.455737704918032
23.462295081967213
23.455737704918032
23.442622950819672
23.455737704918032
23.442622950819672
23.442622950819672
23.43606557377049
23.42295081967213
23.442622950819672
23.25245901639344
23.22622950819672
23.20655737704918
23.19344262295082
23.19344262295082
23.108196721311476
22.977049180327867
22.839344262295082
22.04590163934426
20.859016393442623
20.74754098360656
\
23.43606557377049
23.462295081967213
23.42295081967213
23.455737704918032
23.468852459016393
23.481967213114753
23.521311475409835
23.481967213114753
23.43606557377049
23.455737704918032
23.42295081967213
23.442622950819672
23.42295081967213
23.25245901639344
23.21311475409836
23.21967213114754
23.18688524590164
22.878688524590164
22.17704918032787
20.727868852459018
20.64262295081967
\
23.455737704918032
23.455737704918032
23.481967213114753
23.481967213114753
23.468852459016393
23.508196721311474
23.534426229508195
23.468852459016393
23.468852459016393
23.468852459016393
23.42295081967213
23.442622950819672
23.42295081967213
23.42295081967213
23.2327868852459
23.278688524590162
23.121311475409836
22.878688524590164
22.308196721311475
20.708196721311474
20.62950819672131
\
23.19344262295082
23.21967213114754
23.23934426229508
23.40327868852459
23.42295081967213
23.468852459016393
23.455737704918032
23.455737704918032
23.449180327868852
23.501639344262294
23.521311475409835
23.501639344262294
23.455737704918032
23.468852459016393
23.42295081967213
23.462295081967213
23.42295081967213
23.42295081967213
23.42295081967213
23.278688524590162
23.21311475409836
22.977049180327867
22.373770491803278
21.540983606557376
20.59672131147541
\
23.25245901639344
23.23934426229508
23.22622950819672
23.42295081967213
23.442622950819672
23.455737704918032
23.455737704918032
23.468852459016393
23.468852459016393
23.501639344262294
23.527868852459015
23.508196721311474
23.455737704918032
23.501639344262294
23.455737704918032
23.468852459016393
23.455737704918032
23.42295081967213
23.42295081967213
23.39672131147541
23.21311475409836
23.049180327868854
22.76065573770492
21.678688524590164
20.64918032786885
\
23.40327868852459
23.40327868852459
23.43606557377049
23.43606557377049
23.455737704918032
23.508196721311474
23.455737704918032
23.488524590163934
23.481967213114753
23.514754098360655
23.527868852459015
23.521311475409835
23.508196721311474
23.527868852459015
23.455737704918032
23.501639344262294
23.488524590163934
23.43606557377049
23.43606557377049
23.40327868852459
23.2655737704918
23.17377049180328
22.8
22.04590163934426
20.681967213114753
\
23.40327868852459
23.40327868852459
23.42295081967213
23.42950819672131
23.42950819672131
23.501639344262294
23.455737704918032
23.455737704918032
23.42950819672131
23.455737704918032
23.455737704918032
23.501639344262294
23.455737704918032
23.488524590163934
23.42950819672131
23.468852459016393
23.468852459016393
23.43606557377049
23.442622950819672
23.40327868852459
23.23934426229508
23.121311475409836
22.76065573770492
22.04590163934426
20.74754098360656
\
23.39016393442623
23.40327868852459
23.40983606557377
23.42950819672131
23.43606557377049
23.455737704918032
23.508196721311474
23.455737704918032
23.455737704918032
23.42950819672131
23.455737704918032
23.455737704918032
23.455737704918032
23.455737704918032
23.43606557377049
23.501639344262294
23.488524590163934
23.40983606557377
23.442622950819672
23.39672131147541
23.38360655737705
23.127868852459017
22.8
22.104918032786884
20.79344262295082
\
23.40983606557377
23.40327868852459
23.40983606557377
23.42950819672131
23.43606557377049
23.455737704918032
23.501639344262294
23.455737704918032
23.501639344262294
23.455737704918032
23.481967213114753
23.501639344262294
23.455737704918032
23.455737704918032
23.43606557377049
23.514754098360655
23.455737704918032
23.40983606557377
23.42295081967213
23.42295081967213
23.42295081967213
23.19344262295082
23.036065573770493
22.321311475409836
21.455737704918032
\
23.40327868852459
23.40983606557377
23.43606557377049
23.43606557377049
23.508196721311474
23.508196721311474
23.508196721311474
23.455737704918032
23.501639344262294
23.43606557377049
23.468852459016393
23.455737704918032
23.43606557377049
23.501639344262294
23.42950819672131
23.501639344262294
23.508196721311474
23.40983606557377
23.42295081967213
23.39672131147541
23.42295081967213
23.22622950819672
23.049180327868854
22.76065573770492
21.632786885245903
\
23.43606557377049
23.455737704918032
23.455737704918032
23.455737704918032
23.455737704918032
23.527868852459015
23.508196721311474
23.501639344262294
23.488524590163934
23.481967213114753
23.527868852459015
23.455737704918032
23.455737704918032
23.455737704918032
23.42950819672131
23.462295081967213
23.481967213114753
23.42950819672131
23.455737704918032
23.40983606557377
23.43606557377049
23.2655737704918
23.088524590163935
22.839344262295082
22.03934426229508
\
23.508196721311474
23.442622950819672
23.455737704918032
23.455737704918032
23.501639344262294
23.514754098360655
23.514754098360655
23.527868852459015
23.534426229508195
23.468852459016393
23.534426229508195
23.468852459016393
23.481967213114753
23.468852459016393
23.43606557377049
23.455737704918032
23.508196721311474
23.455737704918032
23.455737704918032
23.40327868852459
23.43606557377049
23.42295081967213
23.088524590163935
22.82622950819672
22.104918032786884
\
23.521311475409835
23.508196721311474
23.455737704918032
23.488524590163934
23.508196721311474
23.554098360655736
23.534426229508195
23.521311475409835
23.540983606557376
23.540983606557376
23.554098360655736
23.527868852459015
23.501639344262294
23.508196721311474
23.455737704918032
23.514754098360655
23.501639344262294
23.501639344262294
23.442622950819672
23.39672131147541
23.42295081967213
23.278688524590162
23.167213114754098
22.8
22.104918032786884
\
23.521311475409835
23.501639344262294
23.455737704918032
23.481967213114753
23.534426229508195
23.560655737704916
23.560655737704916
23.540983606557376
23.521311475409835
23.540983606557376
23.554098360655736
23.521311475409835
23.514754098360655
23.514754098360655
23.501639344262294
23.481967213114753
23.455737704918032
23.455737704918032
23.42950819672131
23.39672131147541
23.42295081967213
23.42295081967213
23.088524590163935
22.76065573770492
22.21639344262295
\
23.560655737704916
23.527868852459015
23.514754098360655
23.508196721311474
23.554098360655736
23.58032786885246
23.613114754098362
23.521311475409835
23.567213114754097
23.58032786885246
23.613114754098362
23.567213114754097
23.58032786885246
23.554098360655736
23.514754098360655
23.514754098360655
23.488524590163934
23.455737704918032
23.43606557377049
23.41639344262295
23.449180327868852
23.42295081967213
23.114754098360656
22.76065573770492
22.17704918032787
\
