26.534426229508195
26.5327868852459
26.5327868852459
26.537704918032787
26.5327868852459
26.521311475409835
26.52622950819672
26.527868852459015
26.516393442622952
26.51967213114754
26.529508196721313
26.521311475409835
26.527868852459015
26.5327868852459
26.5327868852459
26.534426229508195
26.516393442622952
26.5327868852459
26.52622950819672
26.529508196721313
26.516393442622952
\
26.529508196721313
26.52622950819672
26.529508196721313
26.52622950819672
26.516393442622952
26.51967213114754
26.527868852459015
26.516393442622952
26.508196721311474
26.514754098360655
26.531147540983607
26.51967213114754
26.516393442622952
26.521311475409835
26.514754098360655
26.524590163934427
26.51311475409836
26.514754098360655
26.51311475409836
26.51967213114754
26.503278688524592
\
26.52622950819672
26.52622950819672
26.52622950819672
26.52622950819672
26.521311475409835
26.52622950819672
26.527868852459015
26.51967213114754
26.521311475409835
26.51967213114754
26.51967213114754
26.521311475409835
26.516393442622952
26.516393442622952
26.514754098360655
26.51311475409836
26.50655737704918
26.514754098360655
26.508196721311474
26.516393442622952
26.50655737704918
\
26.52622950819672
26.521311475409835
26.52622950819672
26.529508196721313
26.521311475409835
26.524590163934427
26.521311475409835
26.524590163934427
26.516393442622952
26.516393442622952
26.51967213114754
26.516393442622952
26.51311475409836
26.508196721311474
26.50655737704918
26.503278688524592
26.501639344262294
26.50655737704918
26.503278688524592
26.514754098360655
26.5
\
26.521311475409835
26.521311475409835
26.514754098360655
26.51967213114754
26.529508196721313
26.52622950819672
26.529508196721313
26.524590163934427
26.524590163934427
26.514754098360655
26.521311475409835
26.516393442622952
26.51311475409836
26.50655737704918
26.50655737704918
26.508196721311474
26.509836065573772
26.508196721311474
26.50655737704918
26.503278688524592
26.5
26.503278688524592
26.498360655737706
26.501639344262294
26.498360655737706
\
26.516393442622952
26.514754098360655
26.50655737704918
26.51311475409836
26.52622950819672
26.51967213114754
26.521311475409835
26.51311475409836
26.50655737704918
26.504918032786886
26.514754098360655
26.509836065573772
26.503278688524592
26.5
26.503278688524592
26.503278688524592
26.50655737704918
26.50655737704918
26.504918032786886
26.5
26.498360655737706
26.498360655737706
26.498360655737706
26.5
26.498360655737706
\
26.521311475409835
26.516393442622952
26.50655737704918
26.516393442622952
26.516393442622952
26.51967213114754
26.521311475409835
26.51311475409836
26.503278688524592
26.504918032786886
26.50655737704918
26.51311475409836
26.498360655737706
26.501639344262294
26.501639344262294
26.503278688524592
26.503278688524592
26.50655737704918
26.504918032786886
26.5
26.495081967213114
26.495081967213114
26.495081967213114
26.5
26.498360655737706
\
26.521311475409835
26.51967213114754
26.50655737704918
26.51311475409836
26.51967213114754
26.516393442622952
26.51967213114754
26.516393442622952
26.504918032786886
26.50655737704918
26.514754098360655
26.51311475409836
26.5
26.501639344262294
26.504918032786886
26.508196721311474
26.508196721311474
26.508196721311474
26.508196721311474
26.503278688524592
26.503278688524592
26.498360655737706
26.498360655737706
26.503278688524592
26.504918032786886
\
26.51311475409836
26.514754098360655
26.504918032786886
26.508196721311474
26.508196721311474
26.50655737704918
26.51311475409836
26.50655737704918
26.501639344262294
26.50655737704918
26.51311475409836
26.503278688524592
26.498360655737706
26.5
26.501639344262294
26.503278688524592
26.501639344262294
26.504918032786886
26.501639344262294
26.498360655737706
26.498360655737706
26.498360655737706
26.498360655737706
26.501639344262294
26.498360655737706
\
26.51311475409836
26.514754098360655
26.503278688524592
26.504918032786886
26.508196721311474
26.508196721311474
26.518032786885247
26.514754098360655
26.503278688524592
26.501639344262294
26.504918032786886
26.501639344262294
26.498360655737706
26.498360655737706
26.5
26.50655737704918
26.503278688524592
26.504918032786886
26.5
26.498360655737706
26.498360655737706
26.501639344262294
26.498360655737706
26.503278688524592
26.498360655737706
\
26.516393442622952
26.516393442622952
26.50655737704918
26.50655737704918
26.518032786885247
26.508196721311474
26.516393442622952
26.514754098360655
26.50655737704918
26.503278688524592
26.50655737704918
26.5
26.5
26.495081967213114
26.498360655737706
26.509836065573772
26.501639344262294
26.504918032786886
26.503278688524592
26.501639344262294
26.5
26.498360655737706
26.495081967213114
26.498360655737706
26.498360655737706
\
26.521311475409835
26.52622950819672
26.50655737704918
26.508196721311474
26.51967213114754
26.51311475409836
26.524590163934427
26.51967213114754
26.508196721311474
26.504918032786886
26.508196721311474
26.509836065573772
26.503278688524592
26.501639344262294
26.509836065573772
26.51311475409836
26.508196721311474
26.51311475409836
26.508196721311474
26.501639344262294
26.498360655737706
26.495081967213114
26.5
26.503278688524592
26.501639344262294
\
26.51967213114754
26.51967213114754
26.503278688524592
26.503278688524592
26.51311475409836
26.50655737704918
26.50655737704918
26.51311475409836
26.514754098360655
26.50655737704918
26.514754098360655
26.514754098360655
26.51311475409836
26.514754098360655
26.516393442622952
26.509836065573772
26.50655737704918
26.514754098360655
26.504918032786886
26.501639344262294
26.498360655737706
26.498360655737706
26.498360655737706
26.498360655737706
26.498360655737706
\
26.51967213114754
26.516393442622952
26.504918032786886
26.503278688524592
26.516393442622952
26.508196721311474
26.516393442622952
26.521311475409835
26.516393442622952
26.516393442622952
26.524590163934427
26.521311475409835
26.524590163934427
26.51967213114754
26.521311475409835
26.514754098360655
26.514754098360655
26.508196721311474
26.503278688524592
26.503278688524592
26.498360655737706
26.498360655737706
26.498360655737706
26.503278688524592
26.503278688524592
\
26.51967213114754
26.514754098360655
26.504918032786886
26.504918032786886
26.51967213114754
26.509836065573772
26.51967213114754
26.52622950819672
26.521311475409835
26.51967213114754
26.529508196721313
26.524590163934427
26.51967213114754
26.521311475409835
26.514754098360655
26.521311475409835
26.51311475409836
26.50655737704918
26.504918032786886
26.50655737704918
26.5
26.498360655737706
26.508196721311474
26.509836065573772
26.5
\
26.516393442622952
26.509836065573772
26.508196721311474
26.516393442622952
26.524590163934427
26.516393442622952
26.52622950819672
26.52622950819672
26.52622950819672
26.51967213114754
26.52622950819672
26.52622950819672
26.52622950819672
26.521311475409835
26.52622950819672
26.51967213114754
26.514754098360655
26.51311475409836
26.518032786885247
26.508196721311474
26.50655737704918
26.503278688524592
26.503278688524592
26.516393442622952
26.508196721311474
\
