23.37704918032787
23.39672131147541
23.41639344262295
23.42295081967213
23.41639344262295
23.39672131147541
23.36393442622951
23.331147540983608
23.22622950819672
23.095081967213115
22.891803278688524
22.878688524590164
22.222950819672132
21.527868852459015
20.7672131147541
20.60327868852459
20.60327868852459
20.78688524590164
22.078688524590163
22.334426229508196
22.41311475409836
\
23.40327868852459
23.41639344262295
23.42295081967213
23.40983606557377
23.41639344262295
23.39672131147541
23.35081967213115
23.35081967213115
23.25245901639344
23.127868852459017
22.904918032786885
22.977049180327867
22.373770491803278
21.750819672131147
20.878688524590164
20.675409836065572
20.56393442622951
20.78688524590164
22.04590163934426
22.327868852459016
22.347540983606557
\
23.42295081967213
23.42295081967213
23.42295081967213
23.42295081967213
23.41639344262295
23.39672131147541
23.36393442622951
23.35081967213115
23.2655737704918
23.22622950819672
23.114754098360656
23.068852459016394
22.878688524590164
22.242622950819673
21.501639344262294
20.77377049180328
20.60327868852459
20.8
22.00655737704918
22.347540983606557
22.347540983606557
\
23.42295081967213
23.42295081967213
23.449180327868852
23.42295081967213
23.42295081967213
23.41639344262295
23.37704918032787
23.35081967213115
23.291803278688526
23.2655737704918
23.21311475409836
23.101639344262296
22.950819672131146
22.478688524590165
21.672131147540984
20.81967213114754
20.62295081967213
20.78032786885246
21.744262295081967
22.321311475409836
22.334426229508196
\
23.36393442622951
23.38360655737705
23.41639344262295
23.43606557377049
23.42295081967213
23.41639344262295
23.43606557377049
23.449180327868852
23.43606557377049
23.42295081967213
23.39016393442623
23.35081967213115
23.331147540983608
23.285245901639342
23.21967213114754
23.127868852459017
22.937704918032786
22.459016393442624
21.744262295081967
20.872131147540983
20.62950819672131
20.75409836065574
21.691803278688525
22.281967213114754
22.268852459016394
\
23.35081967213115
23.36393442622951
23.40327868852459
23.42295081967213
23.40983606557377
23.40983606557377
23.42295081967213
23.43606557377049
23.43606557377049
23.42295081967213
23.39016393442623
23.36393442622951
23.324590163934428
23.272131147540982
23.154098360655738
23.042622950819673
22.8
22.321311475409836
21.626229508196722
20.77377049180328
20.56393442622951
20.708196721311474
21.659016393442624
22.281967213114754
22.275409836065574
\
23.36393442622951
23.36393442622951
23.37049180327869
23.39672131147541
23.36393442622951
23.39672131147541
23.42295081967213
23.41639344262295
23.42295081967213
23.42295081967213
23.39016393442623
23.35737704918033
23.324590163934428
23.25245901639344
23.042622950819673
22.885245901639344
22.701639344262293
22.085245901639343
21.43606557377049
20.74754098360656
20.56393442622951
20.695081967213113
21.580327868852457
22.236065573770492
22.275409836065574
\
23.35081967213115
23.331147540983608
23.36393442622951
23.39672131147541
23.39672131147541
23.40983606557377
23.449180327868852
23.449180327868852
23.43606557377049
23.42295081967213
23.38360655737705
23.35081967213115
23.35737704918033
23.147540983606557
22.898360655737704
22.74098360655738
22.373770491803278
21.9672131147541
20.878688524590164
20.75409836065574
20.60983606557377
20.675409836065572
21.540983606557376
22.21639344262295
22.308196721311475
\
23.35737704918033
23.36393442622951
23.36393442622951
23.39672131147541
23.42295081967213
23.41639344262295
23.449180327868852
23.449180327868852
23.449180327868852
23.41639344262295
23.38360655737705
23.36393442622951
23.35081967213115
23.121311475409836
22.367213114754097
22.15081967213115
21.9672131147541
21.665573770491804
20.878688524590164
20.7672131147541
20.61639344262295
20.662295081967212
21.501639344262294
22.131147540983605
22.308196721311475
\
23.35737704918033
23.36393442622951
23.36393442622951
23.39672131147541
23.42295081967213
23.42295081967213
23.449180327868852
23.449180327868852
23.42295081967213
23.42295081967213
23.39016393442623
23.36393442622951
23.35081967213115
23.18688524590164
22.373770491803278
22.098360655737704
21.770491803278688
21.613114754098362
21.39016393442623
20.885245901639344
20.675409836065572
20.662295081967212
20.78688524590164
22.085245901639343
22.334426229508196
\
23.36393442622951
23.35737704918033
23.36393442622951
23.39672131147541
23.40327868852459
23.42295081967213
23.449180327868852
23.43606557377049
23.42295081967213
23.42295081967213
23.39016393442623
23.36393442622951
23.35081967213115
23.25901639344262
22.904918032786885
22.104918032786884
21.770491803278688
21.6
21.37049180327869
20.963934426229507
20.77377049180328
20.668852459016392
20.80655737704918
22.052459016393442
22.340983606557376
\
23.36393442622951
23.35737704918033
23.37049180327869
23.39672131147541
23.39672131147541
23.41639344262295
23.43606557377049
23.42295081967213
23.40983606557377
23.42295081967213
23.36393442622951
23.36393442622951
23.35081967213115
23.36393442622951
22.950819672131146
22.118032786885244
21.940983606557378
21.763934426229508
21.534426229508195
21.42950819672131
20.872131147540983
20.675409836065572
20.79344262295082
22.00655737704918
22.347540983606557
\
23.36393442622951
23.35737704918033
23.36393442622951
23.39672131147541
23.39672131147541
23.40327868852459
23.42295081967213
23.42295081967213
23.42295081967213
23.42295081967213
23.39672131147541
23.39672131147541
23.36393442622951
23.35081967213115
23.088524590163935
22.74754098360656
22.295081967213115
22.15081967213115
21.98032786885246
21.750819672131147
20.8
20.668852459016392
20.74754098360656
21.659016393442624
22.340983606557376
\
23.35081967213115
23.36393442622951
23.35081967213115
23.36393442622951
23.37704918032787
23.40327868852459
23.42295081967213
23.42295081967213
23.42295081967213
23.42295081967213
23.41639344262295
23.40327868852459
23.39672131147541
23.36393442622951
23.35081967213115
23.18688524590164
23.042622950819673
22.904918032786885
22.373770491803278
21.685245901639345
20.878688524590164
20.675409836065572
20.75409836065574
21.639344262295083
22.340983606557376
\
23.36393442622951
23.36393442622951
23.39672131147541
23.39672131147541
23.37049180327869
23.40327868852459
23.449180327868852
23.42295081967213
23.449180327868852
23.455737704918032
23.42295081967213
23.42295081967213
23.40983606557377
23.39672131147541
23.37704918032787
23.36393442622951
23.35737704918033
23.127868852459017
22.77377049180328
21.737704918032787
20.878688524590164
20.77377049180328
20.77377049180328
21.665573770491804
22.321311475409836
\
23.35081967213115
23.36393442622951
23.39672131147541
23.39672131147541
23.36393442622951
23.37704918032787
23.43606557377049
23.43606557377049
23.449180327868852
23.468852459016393
23.43606557377049
23.42295081967213
23.41639344262295
23.39672131147541
23.39672131147541
23.36393442622951
23.36393442622951
23.2655737704918
23.022950819672133
22.236065573770492
21.442622950819672
20.77377049180328
20.865573770491803
21.665573770491804
22.249180327868853
\
