24.29672131147541
24.29672131147541
24.262295081967213
24.25245901639344
24.218032786885246
24.222950819672132
24.19344262295082
24.198360655737705
24.14918032786885
24.065573770491802
23.98688524590164
23.898360655737704
23.68688524590164
23.470491803278687
23.081967213114755
22.71311475409836
23.25901639344262
23.647540983606557
23.613114754098362
23.68688524590164
23.755737704918033
\
24.311475409836067
24.311475409836067
24.242622950819673
24.277049180327868
24.242622950819673
24.208196721311474
24.178688524590164
24.198360655737705
24.139344262295083
24.114754098360656
24.040983606557376
23.991803278688526
23.70655737704918
23.485245901639345
23.18032786885246
22.71311475409836
23.268852459016394
23.63770491803279
23.588524590163935
23.69672131147541
23.770491803278688
\
24.345901639344262
24.33606557377049
24.29672131147541
24.29672131147541
24.29672131147541
24.208196721311474
24.14918032786885
24.21311475409836
24.188524590163933
24.154098360655738
24.1
24.050819672131148
23.711475409836066
23.495081967213114
23.23934426229508
23.047540983606556
23.298360655737707
23.681967213114753
23.62295081967213
23.755737704918033
23.80983606557377
\
24.365573770491803
24.345901639344262
24.345901639344262
24.32622950819672
24.311475409836067
24.262295081967213
24.222950819672132
24.218032786885246
24.19344262295082
24.19344262295082
24.119672131147542
24.050819672131148
23.755737704918033
23.485245901639345
23.165573770491804
23.042622950819673
23.308196721311475
23.672131147540984
23.613114754098362
23.71639344262295
23.86393442622951
\
24.375409836065575
24.345901639344262
24.395081967213116
24.395081967213116
24.395081967213116
24.395081967213116
24.345901639344262
24.345901639344262
24.32622950819672
24.262295081967213
24.222950819672132
24.222950819672132
24.20327868852459
24.188524590163933
24.065573770491802
23.991803278688526
23.62295081967213
23.2344262295082
22.698360655737705
22.71311475409836
23.308196721311475
23.68688524590164
23.667213114754098
23.701639344262293
23.854098360655737
\
24.40983606557377
24.375409836065575
24.395081967213116
24.414754098360657
24.395081967213116
24.4
24.395081967213116
24.365573770491803
24.345901639344262
24.277049180327868
24.218032786885246
24.208196721311474
24.18360655737705
24.119672131147542
24.011475409836066
23.888524590163936
23.60327868852459
23.17049180327869
22.71311475409836
22.708196721311474
23.308196721311475
23.672131147540984
23.68688524590164
23.71639344262295
23.80983606557377
\
24.424590163934425
24.395081967213116
24.40983606557377
24.40983606557377
24.414754098360657
24.424590163934425
24.4
24.404918032786885
24.345901639344262
24.311475409836067
24.237704918032787
24.208196721311474
24.07049180327869
24.055737704918034
23.991803278688526
23.81967213114754
23.618032786885244
23.263934426229508
22.708196721311474
22.71311475409836
23.30327868852459
23.70655737704918
23.701639344262293
23.78032786885246
23.868852459016395
\
24.404918032786885
24.375409836065575
24.395081967213116
24.40983606557377
24.414754098360657
24.414754098360657
24.4
24.414754098360657
24.395081967213116
24.33606557377049
24.237704918032787
24.154098360655738
24.011475409836066
23.81967213114754
23.68688524590164
23.68688524590164
23.57377049180328
23.185245901639345
22.698360655737705
22.708196721311474
23.27377049180328
23.65737704918033
23.681967213114753
23.755737704918033
23.878688524590164
\
24.395081967213116
24.375409836065575
24.395081967213116
24.404918032786885
24.40983606557377
24.424590163934425
24.414754098360657
24.40983606557377
24.365573770491803
24.33606557377049
24.227868852459018
24.104918032786884
23.667213114754098
23.534426229508195
23.445901639344264
23.495081967213114
23.495081967213114
23.165573770491804
22.727868852459018
22.718032786885246
23.268852459016394
23.65737704918033
23.67704918032787
23.755737704918033
23.878688524590164
\
24.424590163934425
24.375409836065575
24.404918032786885
24.414754098360657
24.40983606557377
24.45409836065574
24.414754098360657
24.414754098360657
24.395081967213116
24.33606557377049
24.218032786885246
24.065573770491802
23.60327868852459
23.43606557377049
23.327868852459016
23.318032786885247
23.288524590163934
23.121311475409836
22.742622950819673
23.037704918032787
23.30327868852459
23.65737704918033
23.68688524590164
23.8
23.888524590163936
\
24.424590163934425
24.414754098360657
24.40983606557377
24.468852459016393
24.424590163934425
24.444262295081966
24.424590163934425
24.444262295081966
24.414754098360657
24.32622950819672
24.188524590163933
24.011475409836066
23.495081967213114
23.31311475409836
23.249180327868853
23.23934426229508
23.25409836065574
23.165573770491804
23.00327868852459
23.10655737704918
23.490163934426228
23.68688524590164
23.68688524590164
23.770491803278688
23.878688524590164
\
24.47377049180328
24.444262295081966
24.468852459016393
24.498360655737706
24.47377049180328
24.527868852459015
24.424590163934425
24.47377049180328
24.424590163934425
24.33606557377049
24.17377049180328
23.770491803278688
23.495081967213114
23.327868852459016
23.308196721311475
23.31311475409836
23.31311475409836
23.25901639344262
23.160655737704918
23.2344262295082
23.57377049180328
23.71639344262295
23.74590163934426
23.804918032786887
23.991803278688526
\
24.47377049180328
24.444262295081966
24.444262295081966
24.498360655737706
24.47377049180328
24.47377049180328
24.434426229508198
24.444262295081966
24.424590163934425
24.345901639344262
24.208196721311474
23.854098360655737
23.5
23.465573770491805
23.495081967213114
23.59344262295082
23.60327868852459
23.475409836065573
23.263934426229508
23.268852459016394
23.60327868852459
23.691803278688525
23.74590163934426
23.81967213114754
23.991803278688526
\
24.47377049180328
24.444262295081966
24.488524590163934
24.498360655737706
24.522950819672133
24.488524590163934
24.47377049180328
24.45409836065574
24.414754098360657
24.345901639344262
24.262295081967213
24.1
23.76065573770492
23.544262295081968
23.495081967213114
23.647540983606557
23.804918032786887
23.56393442622951
23.308196721311475
23.318032786885247
23.67704918032787
23.755737704918033
23.755737704918033
23.878688524590164
23.991803278688526
\
24.47377049180328
24.488524590163934
24.498360655737706
24.498360655737706
24.498360655737706
24.522950819672133
24.488524590163934
24.47377049180328
24.345901639344262
24.222950819672132
24.281967213114754
24.2327868852459
24.050819672131148
24.016393442622952
24.011475409836066
23.991803278688526
23.878688524590164
23.613114754098362
23.27377049180328
23.318032786885247
23.711475409836066
23.80983606557377
23.814754098360655
23.991803278688526
24.055737704918034
\
24.498360655737706
24.488524590163934
24.498360655737706
24.498360655737706
24.498360655737706
24.498360655737706
24.47377049180328
24.47377049180328
24.395081967213116
24.345901639344262
24.301639344262295
24.18360655737705
24.065573770491802
24.12950819672131
24.104918032786884
24.065573770491802
23.854098360655737
23.627868852459017
23.308196721311475
23.32295081967213
23.755737704918033
23.888524590163936
23.991803278688526
24.055737704918034
24.159016393442624
\
