26.481967213114753
26.481967213114753
26.481967213114753
26.485245901639345
26.481967213114753
26.481967213114753
26.481967213114753
26.481967213114753
26.48688524590164
26.478688524590165
26.481967213114753
26.48032786885246
26.481967213114753
26.481967213114753
26.48032786885246
26.481967213114753
26.481967213114753
26.48032786885246
26.478688524590165
26.481967213114753
26.485245901639345
\
26.481967213114753
26.478688524590165
26.478688524590165
26.481967213114753
26.478688524590165
26.481967213114753
26.481967213114753
26.481967213114753
26.48688524590164
26.477049180327867
26.481967213114753
26.48032786885246
26.478688524590165
26.478688524590165
26.478688524590165
26.478688524590165
26.478688524590165
26.478688524590165
26.478688524590165
26.481967213114753
26.48032786885246
\
26.481967213114753
26.481967213114753
26.481967213114753
26.485245901639345
26.48032786885246
26.481967213114753
26.481967213114753
26.48032786885246
26.481967213114753
26.481967213114753
26.481967213114753
26.478688524590165
26.48032786885246
26.481967213114753
26.478688524590165
26.478688524590165
26.48032786885246
26.478688524590165
26.478688524590165
26.481967213114753
26.481967213114753
\
26.490163934426228
26.481967213114753
26.485245901639345
26.48688524590164
26.481967213114753
26.488524590163934
26.485245901639345
26.485245901639345
26.49344262295082
26.483606557377048
26.48688524590164
26.481967213114753
26.481967213114753
26.481967213114753
26.481967213114753
26.481967213114753
26.478688524590165
26.481967213114753
26.481967213114753
26.485245901639345
26.483606557377048
\
26.481967213114753
26.481967213114753
26.488524590163934
26.491803278688526
26.49344262295082
26.481967213114753
26.490163934426228
26.490163934426228
26.481967213114753
26.490163934426228
26.490163934426228
26.490163934426228
26.491803278688526
26.481967213114753
26.485245901639345
26.481967213114753
26.481967213114753
26.481967213114753
26.48032786885246
26.481967213114753
26.481967213114753
26.478688524590165
26.478688524590165
26.481967213114753
26.485245901639345
\
26.490163934426228
26.481967213114753
26.481967213114753
26.490163934426228
26.49344262295082
26.490163934426228
26.490163934426228
26.491803278688526
26.490163934426228
26.488524590163934
26.490163934426228
26.490163934426228
26.48688524590164
26.48032786885246
26.483606557377048
26.48032786885246
26.481967213114753
26.481967213114753
26.485245901639345
26.485245901639345
26.481967213114753
26.481967213114753
26.478688524590165
26.481967213114753
26.485245901639345
\
26.491803278688526
26.490163934426228
26.481967213114753
26.488524590163934
26.491803278688526
26.48688524590164
26.490163934426228
26.490163934426228
26.481967213114753
26.488524590163934
26.490163934426228
26.481967213114753
26.485245901639345
26.478688524590165
26.481967213114753
26.478688524590165
26.478688524590165
26.481967213114753
26.481967213114753
26.481967213114753
26.48032786885246
26.478688524590165
26.478688524590165
26.481967213114753
26.48688524590164
\
26.49344262295082
26.495081967213114
26.490163934426228
26.490163934426228
26.491803278688526
26.490163934426228
26.490163934426228
26.490163934426228
26.488524590163934
26.490163934426228
26.490163934426228
26.48688524590164
26.485245901639345
26.481967213114753
26.485245901639345
26.481967213114753
26.481967213114753
26.485245901639345
26.485245901639345
26.48688524590164
26.481967213114753
26.481967213114753
26.481967213114753
26.485245901639345
26.490163934426228
\
26.491803278688526
26.49344262295082
26.490163934426228
26.490163934426228
26.490163934426228
26.490163934426228
26.49344262295082
26.490163934426228
26.488524590163934
26.488524590163934
26.48688524590164
26.488524590163934
26.485245901639345
26.481967213114753
26.48688524590164
26.481967213114753
26.481967213114753
26.485245901639345
26.481967213114753
26.48688524590164
26.485245901639345
26.481967213114753
26.481967213114753
26.48688524590164
26.490163934426228
\
26.495081967213114
26.49344262295082
26.491803278688526
26.491803278688526
26.491803278688526
26.495081967213114
26.495081967213114
26.49344262295082
26.490163934426228
26.488524590163934
26.488524590163934
26.481967213114753
26.48688524590164
26.481967213114753
26.485245901639345
26.48032786885246
26.481967213114753
26.485245901639345
26.481967213114753
26.488524590163934
26.48688524590164
26.485245901639345
26.481967213114753
26.48688524590164
26.488524590163934
\
26.495081967213114
26.491803278688526
26.490163934426228
26.488524590163934
26.49344262295082
26.49344262295082
26.49344262295082
26.49344262295082
26.490163934426228
26.485245901639345
26.488524590163934
26.481967213114753
26.485245901639345
26.48032786885246
26.485245901639345
26.481967213114753
26.481967213114753
26.48688524590164
26.481967213114753
26.48688524590164
26.488524590163934
26.481967213114753
26.483606557377048
26.481967213114753
26.48688524590164
\
26.495081967213114
26.49344262295082
26.490163934426228
26.490163934426228
26.495081967213114
26.495081967213114
26.49344262295082
26.495081967213114
26.49344262295082
26.490163934426228
26.491803278688526
26.490163934426228
26.491803278688526
26.485245901639345
26.488524590163934
26.481967213114753
26.488524590163934
26.490163934426228
26.48688524590164
26.490163934426228
26.490163934426228
26.481967213114753
26.481967213114753
26.485245901639345
26.485245901639345
\
26.5
26.495081967213114
26.490163934426228
26.490163934426228
26.495081967213114
26.49344262295082
26.490163934426228
26.491803278688526
26.491803278688526
26.495081967213114
26.49344262295082
26.49344262295082
26.5
26.490163934426228
26.495081967213114
26.48688524590164
26.481967213114753
26.488524590163934
26.481967213114753
26.481967213114753
26.48688524590164
26.481967213114753
26.481967213114753
26.485245901639345
26.485245901639345
\
26.490163934426228
26.490163934426228
26.491803278688526
26.490163934426228
26.495081967213114
26.495081967213114
26.49344262295082
26.495081967213114
26.495081967213114
26.495081967213114
26.495081967213114
26.495081967213114
26.5
26.491803278688526
26.495081967213114
26.481967213114753
26.48688524590164
26.485245901639345
26.481967213114753
26.481967213114753
26.48688524590164
26.481967213114753
26.481967213114753
26.485245901639345
26.485245901639345
\
26.490163934426228
26.490163934426228
26.490163934426228
26.491803278688526
26.495081967213114
26.491803278688526
26.491803278688526
26.495081967213114
26.495081967213114
26.495081967213114
26.495081967213114
26.495081967213114
26.5
26.490163934426228
26.495081967213114
26.488524590163934
26.488524590163934
26.485245901639345
26.481967213114753
26.481967213114753
26.481967213114753
26.481967213114753
26.481967213114753
26.481967213114753
26.488524590163934
\
26.490163934426228
26.490163934426228
26.490163934426228
26.49344262295082
26.495081967213114
26.49344262295082
26.49344262295082
26.495081967213114
26.49344262295082
26.495081967213114
26.495081967213114
26.495081967213114
26.5
26.490163934426228
26.495081967213114
26.488524590163934
26.490163934426228
26.488524590163934
26.48688524590164
26.48688524590164
26.485245901639345
26.478688524590165
26.481967213114753
26.481967213114753
26.48688524590164
\
