24.522950819672133
24.527868852459015
24.5327868852459
24.5327868852459
24.5327868852459
24.527868852459015
24.527868852459015
24.521311475409835
24.52622950819672
24.521311475409835
24.522950819672133
24.51311475409836
24.51311475409836
24.518032786885247
24.516393442622952
24.51311475409836
24.51967213114754
24.504918032786886
24.51311475409836
24.504918032786886
24.504918032786886
\
24.52622950819672
24.52622950819672
24.52622950819672
24.52622950819672
24.522950819672133
24.522950819672133
24.527868852459015
24.516393442622952
24.52622950819672
24.521311475409835
24.51967213114754
24.51311475409836
24.51311475409836
24.516393442622952
24.51311475409836
24.51311475409836
24.509836065573772
24.503278688524592
24.504918032786886
24.509836065573772
24.504918032786886
\
24.522950819672133
24.52622950819672
24.52622950819672
24.522950819672133
24.51967213114754
24.521311475409835
24.52622950819672
24.516393442622952
24.51967213114754
24.51967213114754
24.518032786885247
24.516393442622952
24.516393442622952
24.516393442622952
24.51311475409836
24.509836065573772
24.509836065573772
24.503278688524592
24.504918032786886
24.509836065573772
24.51311475409836
\
24.527868852459015
24.52622950819672
24.531147540983607
24.521311475409835
24.522950819672133
24.529508196721313
24.527868852459015
24.521311475409835
24.52622950819672
24.52622950819672
24.521311475409835
24.51967213114754
24.518032786885247
24.521311475409835
24.521311475409835
24.518032786885247
24.522950819672133
24.51311475409836
24.51311475409836
24.516393442622952
24.51311475409836
\
24.51311475409836
24.516393442622952
24.504918032786886
24.504918032786886
24.522950819672133
24.527868852459015
24.529508196721313
24.5327868852459
24.5327868852459
24.529508196721313
24.5327868852459
24.527868852459015
24.527868852459015
24.521311475409835
24.51967213114754
24.516393442622952
24.521311475409835
24.527868852459015
24.51967213114754
24.522950819672133
24.521311475409835
24.509836065573772
24.509836065573772
24.516393442622952
24.51311475409836
\
24.51311475409836
24.51311475409836
24.503278688524592
24.503278688524592
24.518032786885247
24.522950819672133
24.527868852459015
24.52622950819672
24.52622950819672
24.527868852459015
24.527868852459015
24.518032786885247
24.516393442622952
24.51311475409836
24.504918032786886
24.504918032786886
24.509836065573772
24.51311475409836
24.509836065573772
24.518032786885247
24.51967213114754
24.504918032786886
24.509836065573772
24.516393442622952
24.509836065573772
\
24.521311475409835
24.504918032786886
24.495081967213114
24.503278688524592
24.518032786885247
24.521311475409835
24.51967213114754
24.51967213114754
24.522950819672133
24.531147540983607
24.52622950819672
24.509836065573772
24.509836065573772
24.511475409836066
24.511475409836066
24.504918032786886
24.504918032786886
24.509836065573772
24.504918032786886
24.509836065573772
24.518032786885247
24.504918032786886
24.504918032786886
24.516393442622952
24.509836065573772
\
24.518032786885247
24.51311475409836
24.503278688524592
24.504918032786886
24.516393442622952
24.518032786885247
24.522950819672133
24.518032786885247
24.51967213114754
24.52622950819672
24.531147540983607
24.509836065573772
24.509836065573772
24.509836065573772
24.509836065573772
24.504918032786886
24.504918032786886
24.504918032786886
24.504918032786886
24.504918032786886
24.516393442622952
24.509836065573772
24.509836065573772
24.518032786885247
24.516393442622952
\
24.51967213114754
24.514754098360655
24.511475409836066
24.504918032786886
24.51967213114754
24.516393442622952
24.522950819672133
24.51967213114754
24.522950819672133
24.521311475409835
24.527868852459015
24.51311475409836
24.509836065573772
24.516393442622952
24.509836065573772
24.509836065573772
24.504918032786886
24.504918032786886
24.503278688524592
24.511475409836066
24.511475409836066
24.504918032786886
24.509836065573772
24.516393442622952
24.516393442622952
\
24.516393442622952
24.516393442622952
24.504918032786886
24.509836065573772
24.516393442622952
24.518032786885247
24.522950819672133
24.518032786885247
24.527868852459015
24.521311475409835
24.522950819672133
24.51311475409836
24.516393442622952
24.516393442622952
24.51311475409836
24.51311475409836
24.509836065573772
24.509836065573772
24.509836065573772
24.511475409836066
24.511475409836066
24.504918032786886
24.504918032786886
24.51311475409836
24.518032786885247
\
24.516393442622952
24.51311475409836
24.504918032786886
24.504918032786886
24.516393442622952
24.51967213114754
24.521311475409835
24.51311475409836
24.518032786885247
24.522950819672133
24.527868852459015
24.51311475409836
24.516393442622952
24.521311475409835
24.516393442622952
24.516393442622952
24.509836065573772
24.51311475409836
24.504918032786886
24.504918032786886
24.509836065573772
24.504918032786886
24.504918032786886
24.51311475409836
24.518032786885247
\
24.51311475409836
24.504918032786886
24.504918032786886
24.504918032786886
24.516393442622952
24.516393442622952
24.521311475409835
24.516393442622952
24.522950819672133
24.52622950819672
24.527868852459015
24.51967213114754
24.521311475409835
24.524590163934427
24.521311475409835
24.521311475409835
24.518032786885247
24.509836065573772
24.504918032786886
24.504918032786886
24.511475409836066
24.503278688524592
24.503278688524592
24.509836065573772
24.522950819672133
\
24.516393442622952
24.504918032786886
24.504918032786886
24.503278688524592
24.51967213114754
24.521311475409835
24.521311475409835
24.51311475409836
24.521311475409835
24.522950819672133
24.527868852459015
24.521311475409835
24.522950819672133
24.52622950819672
24.522950819672133
24.522950819672133
24.516393442622952
24.51311475409836
24.504918032786886
24.504918032786886
24.504918032786886
24.501639344262294
24.504918032786886
24.51311475409836
24.521311475409835
\
24.518032786885247
24.504918032786886
24.504918032786886
24.504918032786886
24.51967213114754
24.518032786885247
24.522950819672133
24.518032786885247
24.522950819672133
24.52622950819672
24.531147540983607
24.522950819672133
24.52622950819672
24.527868852459015
24.527868852459015
24.522950819672133
24.527868852459015
24.516393442622952
24.509836065573772
24.509836065573772
24.51311475409836
24.504918032786886
24.51311475409836
24.527868852459015
24.52622950819672
\
24.509836065573772
24.509836065573772
24.503278688524592
24.504918032786886
24.521311475409835
24.521311475409835
24.518032786885247
24.516393442622952
24.51967213114754
24.522950819672133
24.527868852459015
24.522950819672133
24.52622950819672
24.529508196721313
24.527868852459015
24.521311475409835
24.522950819672133
24.516393442622952
24.511475409836066
24.50655737704918
24.516393442622952
24.504918032786886
24.51967213114754
24.522950819672133
24.522950819672133
\
24.51311475409836
24.504918032786886
24.501639344262294
24.503278688524592
24.516393442622952
24.51311475409836
24.518032786885247
24.51311475409836
24.516393442622952
24.52622950819672
24.5327868852459
24.522950819672133
24.522950819672133
24.52622950819672
24.522950819672133
24.521311475409835
24.521311475409835
24.51967213114754
24.51311475409836
24.51311475409836
24.518032786885247
24.503278688524592
24.516393442622952
24.52622950819672
24.518032786885247
\
