26.498360655737706
26.498360655737706
26.498360655737706
26.514754098360655
26.508196721311474
26.495081967213114
26.49672131147541
26.498360655737706
26.498360655737706
26.498360655737706
26.49672131147541
26.498360655737706
26.498360655737706
26.5
26.49672131147541
26.495081967213114
26.498360655737706
26.498360655737706
26.498360655737706
26.498360655737706
26.495081967213114
\
26.498360655737706
26.495081967213114
26.498360655737706
26.504918032786886
26.5
26.495081967213114
26.495081967213114
26.498360655737706
26.495081967213114
26.495081967213114
26.495081967213114
26.495081967213114
26.495081967213114
26.498360655737706
26.495081967213114
26.491803278688526
26.498360655737706
26.498360655737706
26.495081967213114
26.495081967213114
26.481967213114753
\
26.495081967213114
26.491803278688526
26.495081967213114
26.498360655737706
26.498360655737706
26.491803278688526
26.491803278688526
26.495081967213114
26.495081967213114
26.495081967213114
26.491803278688526
26.495081967213114
26.495081967213114
26.498360655737706
26.495081967213114
26.488524590163934
26.495081967213114
26.495081967213114
26.495081967213114
26.495081967213114
26.481967213114753
\
26.495081967213114
26.495081967213114
26.495081967213114
26.5
26.49672131147541
26.488524590163934
26.495081967213114
26.495081967213114
26.491803278688526
26.495081967213114
26.491803278688526
26.495081967213114
26.495081967213114
26.498360655737706
26.495081967213114
26.491803278688526
26.495081967213114
26.495081967213114
26.495081967213114
26.49672131147541
26.481967213114753
\
26.5
26.501639344262294
26.495081967213114
26.491803278688526
26.491803278688526
26.491803278688526
26.495081967213114
26.49672131147541
26.495081967213114
26.481967213114753
26.481967213114753
26.491803278688526
26.481967213114753
26.491803278688526
26.481967213114753
26.491803278688526
26.495081967213114
26.498360655737706
26.495081967213114
26.481967213114753
26.495081967213114
26.495081967213114
26.498360655737706
26.49672131147541
26.491803278688526
\
26.498360655737706
26.5
26.491803278688526
26.490163934426228
26.495081967213114
26.495081967213114
26.481967213114753
26.495081967213114
26.495081967213114
26.481967213114753
26.491803278688526
26.488524590163934
26.481967213114753
26.481967213114753
26.481967213114753
26.491803278688526
26.495081967213114
26.495081967213114
26.490163934426228
26.488524590163934
26.495081967213114
26.495081967213114
26.498360655737706
26.495081967213114
26.491803278688526
\
26.501639344262294
26.501639344262294
26.495081967213114
26.495081967213114
26.495081967213114
26.491803278688526
26.481967213114753
26.49672131147541
26.495081967213114
26.481967213114753
26.490163934426228
26.490163934426228
26.488524590163934
26.490163934426228
26.481967213114753
26.495081967213114
26.495081967213114
26.495081967213114
26.491803278688526
26.491803278688526
26.495081967213114
26.481967213114753
26.498360655737706
26.498360655737706
26.495081967213114
\
26.5
26.5
26.495081967213114
26.491803278688526
26.495081967213114
26.491803278688526
26.490163934426228
26.495081967213114
26.495081967213114
26.481967213114753
26.490163934426228
26.488524590163934
26.481967213114753
26.491803278688526
26.481967213114753
26.495081967213114
26.495081967213114
26.49672131147541
26.495081967213114
26.491803278688526
26.495081967213114
26.495081967213114
26.498360655737706
26.49672131147541
26.495081967213114
\
26.5
26.501639344262294
26.495081967213114
26.495081967213114
26.495081967213114
26.495081967213114
26.495081967213114
26.49672131147541
26.495081967213114
26.481967213114753
26.488524590163934
26.481967213114753
26.488524590163934
26.481967213114753
26.490163934426228
26.495081967213114
26.498360655737706
26.498360655737706
26.495081967213114
26.495081967213114
26.495081967213114
26.498360655737706
26.498360655737706
26.498360655737706
26.498360655737706
\
26.503278688524592
26.504918032786886
26.498360655737706
26.495081967213114
26.49672131147541
26.495081967213114
26.495081967213114
26.5
26.49672131147541
26.491803278688526
26.491803278688526
26.491803278688526
26.481967213114753
26.490163934426228
26.481967213114753
26.49672131147541
26.498360655737706
26.498360655737706
26.498360655737706
26.495081967213114
26.498360655737706
26.498360655737706
26.501639344262294
26.5
26.498360655737706
\
26.501639344262294
26.498360655737706
26.481967213114753
26.491803278688526
26.491803278688526
26.491803278688526
26.481967213114753
26.495081967213114
26.495081967213114
26.488524590163934
26.490163934426228
26.491803278688526
26.481967213114753
26.481967213114753
26.481967213114753
26.495081967213114
26.495081967213114
26.498360655737706
26.495081967213114
26.495081967213114
26.495081967213114
26.495081967213114
26.498360655737706
26.498360655737706
26.495081967213114
\
26.503278688524592
26.498360655737706
26.495081967213114
26.495081967213114
26.495081967213114
26.491803278688526
26.491803278688526
26.49672131147541
26.495081967213114
26.481967213114753
26.481967213114753
26.481967213114753
26.481967213114753
26.495081967213114
26.495081967213114
26.495081967213114
26.498360655737706
26.501639344262294
26.498360655737706
26.495081967213114
26.495081967213114
26.495081967213114
26.498360655737706
26.498360655737706
26.495081967213114
\
26.5
26.498360655737706
26.491803278688526
26.491803278688526
26.495081967213114
26.491803278688526
26.481967213114753
26.49672131147541
26.495081967213114
26.491803278688526
26.481967213114753
26.495081967213114
26.495081967213114
26.495081967213114
26.495081967213114
26.49672131147541
26.498360655737706
26.5
26.495081967213114
26.495081967213114
26.495081967213114
26.495081967213114
26.49672131147541
26.495081967213114
26.491803278688526
\
26.5
26.5
26.495081967213114
26.495081967213114
26.495081967213114
26.495081967213114
26.491803278688526
26.498360655737706
26.498360655737706
26.481967213114753
26.495081967213114
26.495081967213114
26.495081967213114
26.5
26.495081967213114
26.495081967213114
26.498360655737706
26.498360655737706
26.495081967213114
26.481967213114753
26.495081967213114
26.49672131147541
26.498360655737706
26.495081967213114
26.491803278688526
\
26.5
26.49672131147541
26.495081967213114
26.495081967213114
26.491803278688526
26.491803278688526
26.495081967213114
26.49672131147541
26.49672131147541
26.495081967213114
26.495081967213114
26.498360655737706
26.498360655737706
26.498360655737706
26.495081967213114
26.498360655737706
26.498360655737706
26.5
26.498360655737706
26.495081967213114
26.495081967213114
26.495081967213114
26.498360655737706
26.49672131147541
26.491803278688526
\
26.5
26.501639344262294
26.495081967213114
26.495081967213114
26.495081967213114
26.495081967213114
26.495081967213114
26.49672131147541
26.49672131147541
26.491803278688526
26.495081967213114
26.498360655737706
26.495081967213114
26.498360655737706
26.495081967213114
26.49672131147541
26.498360655737706
26.5
26.498360655737706
26.495081967213114
26.495081967213114
26.495081967213114
26.498360655737706
26.498360655737706
26.491803278688526
\
