24.504918032786886
24.508196721311474
24.518032786885247
24.522950819672133
24.52622950819672
24.527868852459015
24.522950819672133
24.51967213114754
24.51967213114754
24.51967213114754
24.524590163934427
24.516393442622952
24.508196721311474
24.522950819672133
24.529508196721313
24.51967213114754
24.52622950819672
24.51967213114754
24.50655737704918
24.516393442622952
24.501639344262294
\
24.501639344262294
24.504918032786886
24.50655737704918
24.508196721311474
24.518032786885247
24.518032786885247
24.522950819672133
24.51967213114754
24.51967213114754
24.508196721311474
24.51967213114754
24.508196721311474
24.504918032786886
24.508196721311474
24.51967213114754
24.508196721311474
24.518032786885247
24.518032786885247
24.50655737704918
24.51967213114754
24.524590163934427
\
24.504918032786886
24.504918032786886
24.504918032786886
24.508196721311474
24.509836065573772
24.51967213114754
24.51967213114754
24.518032786885247
24.508196721311474
24.518032786885247
24.51967213114754
24.508196721311474
24.509836065573772
24.508196721311474
24.51967213114754
24.504918032786886
24.509836065573772
24.516393442622952
24.50655737704918
24.51967213114754
24.516393442622952
\
24.501639344262294
24.504918032786886
24.501639344262294
24.509836065573772
24.508196721311474
24.516393442622952
24.522950819672133
24.51967213114754
24.52622950819672
24.51967213114754
24.522950819672133
24.508196721311474
24.504918032786886
24.508196721311474
24.51967213114754
24.504918032786886
24.508196721311474
24.508196721311474
24.504918032786886
24.51967213114754
24.51967213114754
\
24.508196721311474
24.509836065573772
24.508196721311474
24.504918032786886
24.501639344262294
24.501639344262294
24.501639344262294
24.50655737704918
24.509836065573772
24.518032786885247
24.522950819672133
24.518032786885247
24.522950819672133
24.518032786885247
24.524590163934427
24.509836065573772
24.504918032786886
24.516393442622952
24.522950819672133
24.504918032786886
24.508196721311474
24.509836065573772
24.501639344262294
24.516393442622952
24.518032786885247
\
24.509836065573772
24.50655737704918
24.504918032786886
24.504918032786886
24.501639344262294
24.504918032786886
24.501639344262294
24.503278688524592
24.508196721311474
24.508196721311474
24.518032786885247
24.508196721311474
24.509836065573772
24.508196721311474
24.518032786885247
24.508196721311474
24.508196721311474
24.508196721311474
24.51967213114754
24.504918032786886
24.508196721311474
24.518032786885247
24.508196721311474
24.508196721311474
24.508196721311474
\
24.509836065573772
24.508196721311474
24.516393442622952
24.504918032786886
24.504918032786886
24.504918032786886
24.50655737704918
24.501639344262294
24.509836065573772
24.51967213114754
24.522950819672133
24.51967213114754
24.518032786885247
24.518032786885247
24.524590163934427
24.51967213114754
24.508196721311474
24.518032786885247
24.51967213114754
24.504918032786886
24.509836065573772
24.51967213114754
24.508196721311474
24.51967213114754
24.51967213114754
\
24.522950819672133
24.51967213114754
24.508196721311474
24.504918032786886
24.504918032786886
24.508196721311474
24.508196721311474
24.516393442622952
24.51967213114754
24.522950819672133
24.524590163934427
24.522950819672133
24.51967213114754
24.518032786885247
24.522950819672133
24.522950819672133
24.509836065573772
24.518032786885247
24.522950819672133
24.51967213114754
24.522950819672133
24.529508196721313
24.522950819672133
24.524590163934427
24.529508196721313
\
24.522950819672133
24.51967213114754
24.516393442622952
24.508196721311474
24.504918032786886
24.508196721311474
24.508196721311474
24.509836065573772
24.518032786885247
24.522950819672133
24.522950819672133
24.522950819672133
24.522950819672133
24.51967213114754
24.522950819672133
24.518032786885247
24.508196721311474
24.51967213114754
24.522950819672133
24.51967213114754
24.522950819672133
24.52622950819672
24.518032786885247
24.524590163934427
24.527868852459015
\
24.522950819672133
24.509836065573772
24.508196721311474
24.508196721311474
24.504918032786886
24.508196721311474
24.509836065573772
24.508196721311474
24.516393442622952
24.51967213114754
24.51967213114754
24.51967213114754
24.51967213114754
24.508196721311474
24.51967213114754
24.518032786885247
24.50655737704918
24.508196721311474
24.524590163934427
24.508196721311474
24.522950819672133
24.522950819672133
24.508196721311474
24.524590163934427
24.527868852459015
\
24.518032786885247
24.508196721311474
24.508196721311474
24.508196721311474
24.504918032786886
24.504918032786886
24.504918032786886
24.504918032786886
24.508196721311474
24.518032786885247
24.518032786885247
24.518032786885247
24.518032786885247
24.508196721311474
24.518032786885247
24.508196721311474
24.50655737704918
24.509836065573772
24.51967213114754
24.508196721311474
24.522950819672133
24.522950819672133
24.508196721311474
24.524590163934427
24.52622950819672
\
24.518032786885247
24.508196721311474
24.508196721311474
24.508196721311474
24.504918032786886
24.504918032786886
24.509836065573772
24.50655737704918
24.518032786885247
24.509836065573772
24.51967213114754
24.522950819672133
24.522950819672133
24.518032786885247
24.52622950819672
24.518032786885247
24.504918032786886
24.508196721311474
24.522950819672133
24.508196721311474
24.51967213114754
24.522950819672133
24.508196721311474
24.52622950819672
24.52622950819672
\
24.509836065573772
24.504918032786886
24.509836065573772
24.509836065573772
24.504918032786886
24.504918032786886
24.504918032786886
24.504918032786886
24.50655737704918
24.508196721311474
24.508196721311474
24.51967213114754
24.51967213114754
24.51967213114754
24.524590163934427
24.51967213114754
24.504918032786886
24.508196721311474
24.51967213114754
24.518032786885247
24.51967213114754
24.522950819672133
24.508196721311474
24.522950819672133
24.522950819672133
\
24.508196721311474
24.504918032786886
24.50655737704918
24.504918032786886
24.50655737704918
24.504918032786886
24.504918032786886
24.504918032786886
24.504918032786886
24.508196721311474
24.518032786885247
24.518032786885247
24.51967213114754
24.51967213114754
24.52622950819672
24.51967213114754
24.508196721311474
24.509836065573772
24.518032786885247
24.508196721311474
24.522950819672133
24.522950819672133
24.508196721311474
24.52622950819672
24.51967213114754
\
24.504918032786886
24.504918032786886
24.504918032786886
24.504918032786886
24.501639344262294
24.504918032786886
24.504918032786886
24.504918032786886
24.50655737704918
24.509836065573772
24.51967213114754
24.522950819672133
24.522950819672133
24.51967213114754
24.52622950819672
24.516393442622952
24.504918032786886
24.508196721311474
24.509836065573772
24.504918032786886
24.508196721311474
24.51967213114754
24.508196721311474
24.52622950819672
24.522950819672133
\
24.504918032786886
24.501639344262294
24.501639344262294
24.504918032786886
24.501639344262294
24.501639344262294
24.501639344262294
24.501639344262294
24.501639344262294
24.508196721311474
24.518032786885247
24.518032786885247
24.508196721311474
24.508196721311474
24.522950819672133
24.509836065573772
24.504918032786886
24.508196721311474
24.516393442622952
24.498360655737706
24.501639344262294
24.509836065573772
24.504918032786886
24.522950819672133
24.522950819672133
\
