25.518032786885247
25.511475409836066
25.521311475409835
25.508196721311474
25.521311475409835
25.51967213114754
25.508196721311474
25.521311475409835
25.518032786885247
25.51967213114754
25.514754098360655
25.516393442622952
25.5
25.5
25.491803278688526
25.49672131147541
25.503278688524592
25.508196721311474
25.508196721311474
25.516393442622952
25.508196721311474
\
25.518032786885247
25.508196721311474
25.508196721311474
25.511475409836066
25.51967213114754
25.516393442622952
25.511475409836066
25.51967213114754
25.508196721311474
25.508196721311474
25.516393442622952
25.50655737704918
25.498360655737706
25.498360655737706
25.495081967213114
25.501639344262294
25.516393442622952
25.504918032786886
25.508196721311474
25.518032786885247
25.501639344262294
\
25.508196721311474
25.508196721311474
25.503278688524592
25.508196721311474
25.518032786885247
25.516393442622952
25.50655737704918
25.514754098360655
25.504918032786886
25.50655737704918
25.514754098360655
25.50655737704918
25.5
25.501639344262294
25.501639344262294
25.503278688524592
25.501639344262294
25.508196721311474
25.50655737704918
25.508196721311474
25.508196721311474
\
25.51967213114754
25.501639344262294
25.5
25.501639344262294
25.508196721311474
25.518032786885247
25.50655737704918
25.51967213114754
25.501639344262294
25.504918032786886
25.508196721311474
25.503278688524592
25.5
25.503278688524592
25.501639344262294
25.503278688524592
25.501639344262294
25.511475409836066
25.50655737704918
25.503278688524592
25.504918032786886
\
25.49344262295082
25.495081967213114
25.5
25.51311475409836
25.516393442622952
25.508196721311474
25.501639344262294
25.501639344262294
25.50655737704918
25.508196721311474
25.50655737704918
25.521311475409835
25.516393442622952
25.508196721311474
25.50655737704918
25.50655737704918
25.5
25.503278688524592
25.504918032786886
25.50655737704918
25.50655737704918
25.511475409836066
25.504918032786886
25.508196721311474
25.50655737704918
\
25.491803278688526
25.495081967213114
25.495081967213114
25.508196721311474
25.518032786885247
25.501639344262294
25.501639344262294
25.501639344262294
25.501639344262294
25.50655737704918
25.503278688524592
25.516393442622952
25.50655737704918
25.508196721311474
25.508196721311474
25.504918032786886
25.5
25.503278688524592
25.503278688524592
25.501639344262294
25.508196721311474
25.508196721311474
25.511475409836066
25.516393442622952
25.516393442622952
\
25.49672131147541
25.49672131147541
25.495081967213114
25.503278688524592
25.50655737704918
25.501639344262294
25.5
25.498360655737706
25.49672131147541
25.50655737704918
25.5
25.50655737704918
25.503278688524592
25.503278688524592
25.508196721311474
25.501639344262294
25.501639344262294
25.503278688524592
25.5
25.501639344262294
25.501639344262294
25.501639344262294
25.50655737704918
25.508196721311474
25.516393442622952
\
25.495081967213114
25.495081967213114
25.49672131147541
25.5
25.503278688524592
25.501639344262294
25.49672131147541
25.495081967213114
25.495081967213114
25.503278688524592
25.49672131147541
25.50655737704918
25.504918032786886
25.503278688524592
25.504918032786886
25.5
25.49672131147541
25.49672131147541
25.501639344262294
25.498360655737706
25.501639344262294
25.5
25.501639344262294
25.508196721311474
25.514754098360655
\
25.49344262295082
25.49672131147541
25.495081967213114
25.49672131147541
25.501639344262294
25.495081967213114
25.495081967213114
25.495081967213114
25.501639344262294
25.498360655737706
25.495081967213114
25.50655737704918
25.503278688524592
25.503278688524592
25.50655737704918
25.501639344262294
25.49672131147541
25.49672131147541
25.5
25.501639344262294
25.5
25.501639344262294
25.501639344262294
25.511475409836066
25.516393442622952
\
25.49344262295082
25.495081967213114
25.49344262295082
25.501639344262294
25.501639344262294
25.5
25.495081967213114
25.491803278688526
25.49344262295082
25.49672131147541
25.49672131147541
25.503278688524592
25.501639344262294
25.5
25.501639344262294
25.498360655737706
25.49672131147541
25.501639344262294
25.501639344262294
25.508196721311474
25.504918032786886
25.50655737704918
25.501639344262294
25.521311475409835
25.521311475409835
\
25.49344262295082
25.495081967213114
25.5
25.503278688524592
25.50655737704918
25.5
25.498360655737706
25.49344262295082
25.495081967213114
25.50655737704918
25.498360655737706
25.508196721311474
25.501639344262294
25.5
25.503278688524592
25.503278688524592
25.501639344262294
25.508196721311474
25.5
25.50655737704918
25.508196721311474
25.503278688524592
25.503278688524592
25.508196721311474
25.522950819672133
\
25.49344262295082
25.495081967213114
25.49672131147541
25.5
25.508196721311474
25.501639344262294
25.501639344262294
25.49344262295082
25.5
25.503278688524592
25.5
25.508196721311474
25.5
25.501639344262294
25.503278688524592
25.503278688524592
25.501639344262294
25.516393442622952
25.508196721311474
25.50655737704918
25.50655737704918
25.508196721311474
25.504918032786886
25.508196721311474
25.521311475409835
\
25.49672131147541
25.501639344262294
25.5
25.51311475409836
25.511475409836066
25.50655737704918
25.50655737704918
25.495081967213114
25.504918032786886
25.518032786885247
25.504918032786886
25.518032786885247
25.516393442622952
25.51967213114754
25.508196721311474
25.51311475409836
25.508196721311474
25.516393442622952
25.514754098360655
25.51311475409836
25.508196721311474
25.518032786885247
25.508196721311474
25.508196721311474
25.51967213114754
\
25.49344262295082
25.495081967213114
25.498360655737706
25.511475409836066
25.511475409836066
25.50655737704918
25.5
25.49672131147541
25.508196721311474
25.516393442622952
25.50655737704918
25.516393442622952
25.508196721311474
25.508196721311474
25.508196721311474
25.508196721311474
25.50655737704918
25.511475409836066
25.508196721311474
25.508196721311474
25.516393442622952
25.514754098360655
25.51311475409836
25.511475409836066
25.508196721311474
\
25.504918032786886
25.50655737704918
25.508196721311474
25.51967213114754
25.51967213114754
25.50655737704918
25.503278688524592
25.498360655737706
25.51311475409836
25.516393442622952
25.514754098360655
25.51967213114754
25.514754098360655
25.51967213114754
25.51967213114754
25.51311475409836
25.508196721311474
25.518032786885247
25.50655737704918
25.508196721311474
25.51311475409836
25.518032786885247
25.518032786885247
25.51967213114754
25.518032786885247
\
25.501639344262294
25.50655737704918
25.51311475409836
25.518032786885247
25.514754098360655
25.501639344262294
25.508196721311474
25.495081967213114
25.503278688524592
25.508196721311474
25.50655737704918
25.51967213114754
25.51967213114754
25.51967213114754
25.51967213114754
25.508196721311474
25.503278688524592
25.514754098360655
25.50655737704918
25.503278688524592
25.516393442622952
25.51967213114754
25.51311475409836
25.508196721311474
25.508196721311474
\
