24.534426229508195
24.544262295081968
24.531147540983607
24.536065573770493
24.536065573770493
24.536065573770493
24.536065573770493
24.531147540983607
24.544262295081968
24.536065573770493
24.536065573770493
24.529508196721313
24.534426229508195
24.542622950819673
24.544262295081968
24.5327868852459
24.544262295081968
24.540983606557376
24.527868852459015
24.51967213114754
24.521311475409835
\
24.5327868852459
24.534426229508195
24.527868852459015
24.531147540983607
24.534426229508195
24.536065573770493
24.531147540983607
24.52622950819672
24.5327868852459
24.529508196721313
24.52622950819672
24.51967213114754
24.516393442622952
24.527868852459015
24.536065573770493
24.522950819672133
24.529508196721313
24.52622950819672
24.522950819672133
24.511475409836066
24.51967213114754
\
24.5327868852459
24.536065573770493
24.529508196721313
24.531147540983607
24.5327868852459
24.534426229508195
24.527868852459015
24.51967213114754
24.529508196721313
24.52622950819672
24.51967213114754
24.516393442622952
24.51967213114754
24.52622950819672
24.527868852459015
24.516393442622952
24.52622950819672
24.51967213114754
24.51967213114754
24.509836065573772
24.516393442622952
\
24.536065573770493
24.540983606557376
24.531147540983607
24.534426229508195
24.5327868852459
24.540983606557376
24.5327868852459
24.52622950819672
24.529508196721313
24.52622950819672
24.52622950819672
24.516393442622952
24.516393442622952
24.52622950819672
24.529508196721313
24.51967213114754
24.521311475409835
24.514754098360655
24.51311475409836
24.514754098360655
24.51967213114754
\
24.51967213114754
24.522950819672133
24.51967213114754
24.5327868852459
24.5327868852459
24.544262295081968
24.5327868852459
24.536065573770493
24.5327868852459
24.540983606557376
24.529508196721313
24.52622950819672
24.529508196721313
24.527868852459015
24.522950819672133
24.509836065573772
24.516393442622952
24.521311475409835
24.52622950819672
24.511475409836066
24.51967213114754
24.516393442622952
24.509836065573772
24.509836065573772
24.508196721311474
\
24.52622950819672
24.52622950819672
24.529508196721313
24.534426229508195
24.542622950819673
24.544262295081968
24.5327868852459
24.536065573770493
24.536065573770493
24.540983606557376
24.5327868852459
24.52622950819672
24.527868852459015
24.522950819672133
24.51967213114754
24.509836065573772
24.51967213114754
24.516393442622952
24.527868852459015
24.514754098360655
24.51967213114754
24.51967213114754
24.514754098360655
24.509836065573772
24.514754098360655
\
24.52622950819672
24.527868852459015
24.529508196721313
24.534426229508195
24.544262295081968
24.542622950819673
24.536065573770493
24.536065573770493
24.534426229508195
24.547540983606556
24.529508196721313
24.52622950819672
24.529508196721313
24.521311475409835
24.516393442622952
24.509836065573772
24.516393442622952
24.52622950819672
24.527868852459015
24.516393442622952
24.522950819672133
24.527868852459015
24.516393442622952
24.511475409836066
24.51967213114754
\
24.531147540983607
24.531147540983607
24.52622950819672
24.536065573770493
24.536065573770493
24.540983606557376
24.529508196721313
24.536065573770493
24.534426229508195
24.542622950819673
24.534426229508195
24.527868852459015
24.527868852459015
24.514754098360655
24.509836065573772
24.508196721311474
24.514754098360655
24.51967213114754
24.527868852459015
24.516393442622952
24.522950819672133
24.51967213114754
24.516393442622952
24.509836065573772
24.516393442622952
\
24.529508196721313
24.5327868852459
24.531147540983607
24.540983606557376
24.542622950819673
24.544262295081968
24.536065573770493
24.540983606557376
24.536065573770493
24.540983606557376
24.5327868852459
24.527868852459015
24.527868852459015
24.522950819672133
24.521311475409835
24.509836065573772
24.509836065573772
24.518032786885247
24.52622950819672
24.51311475409836
24.522950819672133
24.521311475409835
24.516393442622952
24.514754098360655
24.518032786885247
\
24.531147540983607
24.5327868852459
24.527868852459015
24.537704918032787
24.542622950819673
24.544262295081968
24.536065573770493
24.540983606557376
24.536065573770493
24.536065573770493
24.529508196721313
24.527868852459015
24.5327868852459
24.51967213114754
24.51967213114754
24.514754098360655
24.514754098360655
24.51967213114754
24.52622950819672
24.51311475409836
24.52622950819672
24.51967213114754
24.516393442622952
24.516393442622952
24.51967213114754
\
24.536065573770493
24.534426229508195
24.5327868852459
24.544262295081968
24.544262295081968
24.547540983606556
24.536065573770493
24.540983606557376
24.534426229508195
24.542622950819673
24.540983606557376
24.531147540983607
24.529508196721313
24.529508196721313
24.52622950819672
24.521311475409835
24.51967213114754
24.52622950819672
24.52622950819672
24.518032786885247
24.52622950819672
24.522950819672133
24.52622950819672
24.516393442622952
24.51967213114754
\
24.5327868852459
24.5327868852459
24.527868852459015
24.537704918032787
24.542622950819673
24.544262295081968
24.534426229508195
24.536065573770493
24.534426229508195
24.53934426229508
24.536065573770493
24.5327868852459
24.536065573770493
24.529508196721313
24.5327868852459
24.51967213114754
24.516393442622952
24.516393442622952
24.52622950819672
24.518032786885247
24.527868852459015
24.521311475409835
24.521311475409835
24.516393442622952
24.52622950819672
\
24.5327868852459
24.529508196721313
24.52622950819672
24.540983606557376
24.544262295081968
24.544262295081968
24.531147540983607
24.5327868852459
24.529508196721313
24.5327868852459
24.527868852459015
24.527868852459015
24.534426229508195
24.531147540983607
24.529508196721313
24.516393442622952
24.51311475409836
24.51967213114754
24.52622950819672
24.516393442622952
24.522950819672133
24.51967213114754
24.521311475409835
24.51311475409836
24.52622950819672
\
24.527868852459015
24.52622950819672
24.51967213114754
24.534426229508195
24.536065573770493
24.53934426229508
24.52622950819672
24.531147540983607
24.52622950819672
24.5327868852459
24.52622950819672
24.527868852459015
24.529508196721313
24.527868852459015
24.531147540983607
24.521311475409835
24.52622950819672
24.51967213114754
24.52622950819672
24.51311475409836
24.522950819672133
24.52622950819672
24.51967213114754
24.516393442622952
24.52622950819672
\
24.52622950819672
24.52622950819672
24.52622950819672
24.534426229508195
24.540983606557376
24.544262295081968
24.527868852459015
24.536065573770493
24.529508196721313
24.5327868852459
24.5327868852459
24.529508196721313
24.5327868852459
24.529508196721313
24.5327868852459
24.52622950819672
24.527868852459015
24.52622950819672
24.527868852459015
24.516393442622952
24.529508196721313
24.531147540983607
24.527868852459015
24.522950819672133
24.534426229508195
\
24.516393442622952
24.514754098360655
24.514754098360655
24.52622950819672
24.529508196721313
24.534426229508195
24.51967213114754
24.531147540983607
24.51967213114754
24.529508196721313
24.52622950819672
24.522950819672133
24.527868852459015
24.529508196721313
24.529508196721313
24.51967213114754
24.518032786885247
24.516393442622952
24.522950819672133
24.511475409836066
24.529508196721313
24.527868852459015
24.522950819672133
24.529508196721313
24.536065573770493
\
