25.54590163934426
25.549180327868854
25.550819672131148
25.542622950819673
25.537704918032787
25.542622950819673
25.542622950819673
25.542622950819673
25.537704918032787
25.536065573770493
25.537704918032787
25.537704918032787
25.524590163934427
25.527868852459015
25.536065573770493
25.537704918032787
25.542622950819673
25.537704918032787
25.544262295081968
25.527868852459015
25.527868852459015
\
25.537704918032787
25.53934426229508
25.537704918032787
25.52622950819672
25.527868852459015
25.529508196721313
25.529508196721313
25.527868852459015
25.522950819672133
25.524590163934427
25.522950819672133
25.522950819672133
25.51967213114754
25.522950819672133
25.52622950819672
25.527868852459015
25.52622950819672
25.522950819672133
25.522950819672133
25.516393442622952
25.52622950819672
\
25.54590163934426
25.547540983606556
25.542622950819673
25.544262295081968
25.542622950819673
25.549180327868854
25.547540983606556
25.537704918032787
25.529508196721313
25.529508196721313
25.527868852459015
25.527868852459015
25.524590163934427
25.527868852459015
25.527868852459015
25.527868852459015
25.537704918032787
25.537704918032787
25.531147540983607
25.522950819672133
25.527868852459015
\
25.537704918032787
25.54590163934426
25.54590163934426
25.537704918032787
25.547540983606556
25.552459016393442
25.549180327868854
25.537704918032787
25.527868852459015
25.537704918032787
25.529508196721313
25.529508196721313
25.527868852459015
25.527868852459015
25.529508196721313
25.529508196721313
25.537704918032787
25.529508196721313
25.529508196721313
25.524590163934427
25.527868852459015
\
25.537704918032787
25.537704918032787
25.549180327868854
25.54590163934426
25.54590163934426
25.542622950819673
25.549180327868854
25.542622950819673
25.552459016393442
25.552459016393442
25.552459016393442
25.54590163934426
25.537704918032787
25.537704918032787
25.537704918032787
25.531147540983607
25.527868852459015
25.527868852459015
25.529508196721313
25.537704918032787
25.536065573770493
25.537704918032787
25.537704918032787
25.527868852459015
25.537704918032787
\
25.537704918032787
25.527868852459015
25.549180327868854
25.542622950819673
25.547540983606556
25.549180327868854
25.547540983606556
25.53934426229508
25.549180327868854
25.552459016393442
25.557377049180328
25.54590163934426
25.537704918032787
25.537704918032787
25.537704918032787
25.537704918032787
25.52622950819672
25.529508196721313
25.527868852459015
25.529508196721313
25.537704918032787
25.531147540983607
25.536065573770493
25.527868852459015
25.529508196721313
\
25.536065573770493
25.522950819672133
25.54590163934426
25.537704918032787
25.542622950819673
25.54590163934426
25.549180327868854
25.537704918032787
25.549180327868854
25.557377049180328
25.549180327868854
25.542622950819673
25.527868852459015
25.529508196721313
25.537704918032787
25.527868852459015
25.524590163934427
25.527868852459015
25.529508196721313
25.527868852459015
25.537704918032787
25.537704918032787
25.537704918032787
25.522950819672133
25.537704918032787
\
25.516393442622952
25.51967213114754
25.542622950819673
25.542622950819673
25.549180327868854
25.549180327868854
25.552459016393442
25.54590163934426
25.552459016393442
25.552459016393442
25.557377049180328
25.549180327868854
25.529508196721313
25.537704918032787
25.529508196721313
25.537704918032787
25.527868852459015
25.529508196721313
25.537704918032787
25.527868852459015
25.542622950819673
25.537704918032787
25.537704918032787
25.527868852459015
25.537704918032787
\
25.498360655737706
25.508196721311474
25.537704918032787
25.542622950819673
25.547540983606556
25.549180327868854
25.552459016393442
25.542622950819673
25.552459016393442
25.549180327868854
25.552459016393442
25.549180327868854
25.527868852459015
25.529508196721313
25.527868852459015
25.537704918032787
25.527868852459015
25.522950819672133
25.529508196721313
25.537704918032787
25.542622950819673
25.537704918032787
25.537704918032787
25.529508196721313
25.537704918032787
\
25.5
25.509836065573772
25.53934426229508
25.542622950819673
25.547540983606556
25.552459016393442
25.555737704918034
25.547540983606556
25.555737704918034
25.557377049180328
25.549180327868854
25.54590163934426
25.537704918032787
25.537704918032787
25.529508196721313
25.529508196721313
25.529508196721313
25.527868852459015
25.537704918032787
25.537704918032787
25.54590163934426
25.537704918032787
25.542622950819673
25.537704918032787
25.537704918032787
\
25.509836065573772
25.516393442622952
25.536065573770493
25.537704918032787
25.54590163934426
25.54590163934426
25.549180327868854
25.542622950819673
25.549180327868854
25.557377049180328
25.554098360655736
25.542622950819673
25.522950819672133
25.524590163934427
25.529508196721313
25.529508196721313
25.524590163934427
25.527868852459015
25.527868852459015
25.537704918032787
25.537704918032787
25.537704918032787
25.531147540983607
25.527868852459015
25.542622950819673
\
25.522950819672133
25.516393442622952
25.53934426229508
25.537704918032787
25.542622950819673
25.547540983606556
25.549180327868854
25.54590163934426
25.547540983606556
25.557377049180328
25.560655737704916
25.549180327868854
25.537704918032787
25.537704918032787
25.537704918032787
25.529508196721313
25.527868852459015
25.527868852459015
25.537704918032787
25.537704918032787
25.544262295081968
25.527868852459015
25.531147540983607
25.537704918032787
25.53934426229508
\
25.53934426229508
25.531147540983607
25.53934426229508
25.537704918032787
25.542622950819673
25.54590163934426
25.542622950819673
25.54590163934426
25.549180327868854
25.557377049180328
25.562295081967214
25.557377049180328
25.547540983606556
25.547540983606556
25.537704918032787
25.536065573770493
25.522950819672133
25.522950819672133
25.537704918032787
25.537704918032787
25.537704918032787
25.529508196721313
25.529508196721313
25.521311475409835
25.54590163934426
\
25.54590163934426
25.537704918032787
25.537704918032787
25.527868852459015
25.542622950819673
25.542622950819673
25.542622950819673
25.54590163934426
25.552459016393442
25.560655737704916
25.565573770491802
25.562295081967214
25.557377049180328
25.557377049180328
25.542622950819673
25.537704918032787
25.522950819672133
25.522950819672133
25.537704918032787
25.527868852459015
25.537704918032787
25.531147540983607
25.527868852459015
25.524590163934427
25.53934426229508
\
25.549180327868854
25.529508196721313
25.537704918032787
25.529508196721313
25.54590163934426
25.549180327868854
25.542622950819673
25.542622950819673
25.54590163934426
25.557377049180328
25.56393442622951
25.560655737704916
25.552459016393442
25.552459016393442
25.542622950819673
25.542622950819673
25.529508196721313
25.527868852459015
25.537704918032787
25.527868852459015
25.537704918032787
25.527868852459015
25.537704918032787
25.52622950819672
25.547540983606556
\
25.54590163934426
25.527868852459015
25.537704918032787
25.537704918032787
25.54590163934426
25.54590163934426
25.547540983606556
25.547540983606556
25.549180327868854
25.547540983606556
25.555737704918034
25.54590163934426
25.53934426229508
25.54590163934426
25.53934426229508
25.542622950819673
25.537704918032787
25.537704918032787
25.544262295081968
25.537704918032787
25.54590163934426
25.542622950819673
25.549180327868854
25.54590163934426
25.557377049180328
\
