27.49344262295082
27.495081967213114
27.495081967213114
27.481967213114753
27.495081967213114
27.481967213114753
27.488524590163934
27.48688524590164
27.481967213114753
27.48688524590164
27.48688524590164
27.481967213114753
27.49344262295082
27.495081967213114
27.481967213114753
27.48032786885246
27.495081967213114
27.495081967213114
27.49344262295082
27.495081967213114
27.488524590163934
\
27.481967213114753
27.481967213114753
27.481967213114753
27.481967213114753
27.49344262295082
27.490163934426228
27.481967213114753
27.48032786885246
27.481967213114753
27.481967213114753
27.481967213114753
27.481967213114753
27.49344262295082
27.481967213114753
27.481967213114753
27.478688524590165
27.49344262295082
27.481967213114753
27.481967213114753
27.495081967213114
27.481967213114753
\
27.481967213114753
27.481967213114753
27.481967213114753
27.490163934426228
27.481967213114753
27.49344262295082
27.481967213114753
27.478688524590165
27.481967213114753
27.490163934426228
27.481967213114753
27.48032786885246
27.49344262295082
27.49672131147541
27.495081967213114
27.48688524590164
27.49344262295082
27.481967213114753
27.481967213114753
27.495081967213114
27.481967213114753
\
27.481967213114753
27.490163934426228
27.481967213114753
27.481967213114753
27.481967213114753
27.49344262295082
27.48688524590164
27.478688524590165
27.48032786885246
27.481967213114753
27.488524590163934
27.488524590163934
27.5
27.498360655737706
27.495081967213114
27.48688524590164
27.49344262295082
27.49344262295082
27.49344262295082
27.495081967213114
27.481967213114753
\
27.49344262295082
27.495081967213114
27.49344262295082
27.481967213114753
27.481967213114753
27.481967213114753
27.490163934426228
27.490163934426228
27.481967213114753
27.481967213114753
27.481967213114753
27.481967213114753
27.490163934426228
27.481967213114753
27.488524590163934
27.490163934426228
27.49672131147541
27.498360655737706
27.49672131147541
27.481967213114753
27.49344262295082
27.490163934426228
27.481967213114753
27.481967213114753
27.481967213114753
\
27.481967213114753
27.495081967213114
27.49344262295082
27.481967213114753
27.481967213114753
27.49344262295082
27.481967213114753
27.490163934426228
27.481967213114753
27.490163934426228
27.481967213114753
27.481967213114753
27.490163934426228
27.481967213114753
27.481967213114753
27.481967213114753
27.495081967213114
27.49672131147541
27.495081967213114
27.495081967213114
27.495081967213114
27.49344262295082
27.481967213114753
27.495081967213114
27.49344262295082
\
27.49344262295082
27.495081967213114
27.495081967213114
27.49344262295082
27.49344262295082
27.49344262295082
27.488524590163934
27.481967213114753
27.481967213114753
27.490163934426228
27.488524590163934
27.478688524590165
27.48688524590164
27.48688524590164
27.488524590163934
27.481967213114753
27.495081967213114
27.498360655737706
27.495081967213114
27.481967213114753
27.495081967213114
27.49344262295082
27.481967213114753
27.49344262295082
27.481967213114753
\
27.49344262295082
27.49344262295082
27.49344262295082
27.481967213114753
27.49344262295082
27.490163934426228
27.481967213114753
27.481967213114753
27.481967213114753
27.481967213114753
27.481967213114753
27.481967213114753
27.481967213114753
27.490163934426228
27.481967213114753
27.481967213114753
27.5
27.501639344262294
27.498360655737706
27.49344262295082
27.498360655737706
27.49672131147541
27.49344262295082
27.498360655737706
27.49344262295082
\
27.49344262295082
27.49344262295082
27.495081967213114
27.481967213114753
27.481967213114753
27.481967213114753
27.488524590163934
27.481967213114753
27.481967213114753
27.481967213114753
27.481967213114753
27.48032786885246
27.481967213114753
27.49344262295082
27.49344262295082
27.481967213114753
27.5
27.5
27.49672131147541
27.5
27.501639344262294
27.49672131147541
27.49672131147541
27.49672131147541
27.49344262295082
\
27.49344262295082
27.49344262295082
27.495081967213114
27.481967213114753
27.481967213114753
27.481967213114753
27.481967213114753
27.481967213114753
27.49344262295082
27.481967213114753
27.481967213114753
27.477049180327867
27.481967213114753
27.481967213114753
27.481967213114753
27.481967213114753
27.501639344262294
27.5
27.498360655737706
27.495081967213114
27.501639344262294
27.498360655737706
27.501639344262294
27.5
27.495081967213114
\
27.49344262295082
27.481967213114753
27.49344262295082
27.48688524590164
27.48688524590164
27.481967213114753
27.48688524590164
27.481967213114753
27.481967213114753
27.481967213114753
27.481967213114753
27.478688524590165
27.481967213114753
27.481967213114753
27.481967213114753
27.49344262295082
27.5
27.503278688524592
27.5
27.495081967213114
27.50655737704918
27.501639344262294
27.5
27.5
27.49344262295082
\
27.481967213114753
27.490163934426228
27.490163934426228
27.48688524590164
27.481967213114753
27.481967213114753
27.481967213114753
27.481967213114753
27.481967213114753
27.481967213114753
27.48688524590164
27.478688524590165
27.481967213114753
27.481967213114753
27.49344262295082
27.49344262295082
27.5
27.508196721311474
27.5
27.49672131147541
27.5
27.5
27.5
27.498360655737706
27.495081967213114
\
27.49344262295082
27.495081967213114
27.491803278688526
27.48688524590164
27.49344262295082
27.49344262295082
27.488524590163934
27.481967213114753
27.481967213114753
27.495081967213114
27.481967213114753
27.481967213114753
27.495081967213114
27.49672131147541
27.495081967213114
27.49672131147541
27.503278688524592
27.50655737704918
27.501639344262294
27.498360655737706
27.501639344262294
27.5
27.5
27.5
27.5
\
27.481967213114753
27.49344262295082
27.481967213114753
27.481967213114753
27.481967213114753
27.490163934426228
27.481967213114753
27.49344262295082
27.481967213114753
27.481967213114753
27.481967213114753
27.481967213114753
27.498360655737706
27.5
27.498360655737706
27.495081967213114
27.501639344262294
27.501639344262294
27.498360655737706
27.49672131147541
27.501639344262294
27.5
27.495081967213114
27.5
27.495081967213114
\
27.488524590163934
27.48688524590164
27.49344262295082
27.481967213114753
27.481967213114753
27.481967213114753
27.481967213114753
27.49344262295082
27.49344262295082
27.49344262295082
27.49344262295082
27.495081967213114
27.5
27.501639344262294
27.5
27.49672131147541
27.508196721311474
27.50655737704918
27.498360655737706
27.498360655737706
27.501639344262294
27.501639344262294
27.5
27.501639344262294
27.49672131147541
\
27.48688524590164
27.490163934426228
27.481967213114753
27.481967213114753
27.481967213114753
27.481967213114753
27.481967213114753
27.490163934426228
27.481967213114753
27.481967213114753
27.481967213114753
27.490163934426228
27.501639344262294
27.5
27.49672131147541
27.49672131147541
27.501639344262294
27.501639344262294
27.495081967213114
27.495081967213114
27.5
27.5
27.495081967213114
27.501639344262294
27.498360655737706
\
