27.51311475409836
27.51311475409836
27.516393442622952
27.51311475409836
27.5
27.5
27.49672131147541
27.49672131147541
27.49344262295082
27.490163934426228
27.490163934426228
27.49344262295082
27.49672131147541
27.5
27.51311475409836
27.49672131147541
27.5
27.5
27.49344262295082
27.5
27.5
\
27.5
27.5
27.51311475409836
27.51311475409836
27.495081967213114
27.49672131147541
27.49672131147541
27.495081967213114
27.495081967213114
27.49344262295082
27.49344262295082
27.495081967213114
27.49344262295082
27.49344262295082
27.495081967213114
27.49672131147541
27.5
27.5
27.49344262295082
27.5
27.5
\
27.49672131147541
27.5
27.5
27.5
27.49344262295082
27.49344262295082
27.5
27.495081967213114
27.49344262295082
27.49344262295082
27.49344262295082
27.495081967213114
27.49344262295082
27.495081967213114
27.5
27.5
27.5
27.495081967213114
27.49344262295082
27.511475409836066
27.5
\
27.49344262295082
27.49344262295082
27.49672131147541
27.5
27.490163934426228
27.49344262295082
27.5
27.495081967213114
27.49344262295082
27.491803278688526
27.49344262295082
27.495081967213114
27.49672131147541
27.49672131147541
27.511475409836066
27.49672131147541
27.495081967213114
27.49672131147541
27.491803278688526
27.49672131147541
27.495081967213114
\
27.488524590163934
27.49344262295082
27.49672131147541
27.49344262295082
27.49672131147541
27.49344262295082
27.495081967213114
27.49344262295082
27.49344262295082
27.49344262295082
27.49344262295082
27.49344262295082
27.495081967213114
27.490163934426228
27.49344262295082
27.49672131147541
27.49672131147541
27.5
27.5
27.49672131147541
27.49672131147541
27.495081967213114
27.491803278688526
27.495081967213114
27.495081967213114
\
27.49344262295082
27.49344262295082
27.5
27.495081967213114
27.49672131147541
27.49672131147541
27.5
27.5
27.49344262295082
27.49672131147541
27.5
27.5
27.495081967213114
27.491803278688526
27.49344262295082
27.5
27.5
27.5
27.51311475409836
27.511475409836066
27.511475409836066
27.5
27.49344262295082
27.5
27.49672131147541
\
27.495081967213114
27.49344262295082
27.5
27.495081967213114
27.495081967213114
27.495081967213114
27.49672131147541
27.49672131147541
27.49344262295082
27.49344262295082
27.49672131147541
27.495081967213114
27.49344262295082
27.495081967213114
27.495081967213114
27.49672131147541
27.5
27.5
27.51311475409836
27.51311475409836
27.511475409836066
27.511475409836066
27.49344262295082
27.5
27.495081967213114
\
27.495081967213114
27.490163934426228
27.49672131147541
27.49344262295082
27.495081967213114
27.495081967213114
27.495081967213114
27.495081967213114
27.49344262295082
27.49344262295082
27.49672131147541
27.495081967213114
27.49672131147541
27.495081967213114
27.491803278688526
27.49672131147541
27.5
27.5
27.51311475409836
27.511475409836066
27.51311475409836
27.5
27.49672131147541
27.51311475409836
27.49672131147541
\
27.490163934426228
27.490163934426228
27.49672131147541
27.49344262295082
27.49344262295082
27.495081967213114
27.495081967213114
27.495081967213114
27.49344262295082
27.49344262295082
27.49672131147541
27.49672131147541
27.495081967213114
27.49344262295082
27.495081967213114
27.495081967213114
27.5
27.5
27.51311475409836
27.51311475409836
27.51311475409836
27.51311475409836
27.5
27.51311475409836
27.51311475409836
\
27.49344262295082
27.490163934426228
27.49672131147541
27.49344262295082
27.491803278688526
27.495081967213114
27.495081967213114
27.49672131147541
27.49344262295082
27.49344262295082
27.49672131147541
27.495081967213114
27.495081967213114
27.491803278688526
27.49672131147541
27.49672131147541
27.5
27.5
27.51311475409836
27.51311475409836
27.51311475409836
27.514754098360655
27.5
27.51311475409836
27.51311475409836
\
27.49344262295082
27.49344262295082
27.495081967213114
27.49344262295082
27.49344262295082
27.495081967213114
27.49672131147541
27.49672131147541
27.491803278688526
27.49344262295082
27.495081967213114
27.49344262295082
27.49344262295082
27.490163934426228
27.49344262295082
27.49672131147541
27.5
27.5
27.51311475409836
27.51311475409836
27.51311475409836
27.51311475409836
27.49672131147541
27.5
27.51311475409836
\
27.49344262295082
27.490163934426228
27.49672131147541
27.495081967213114
27.495081967213114
27.49672131147541
27.49672131147541
27.49344262295082
27.488524590163934
27.49344262295082
27.49344262295082
27.49344262295082
27.49344262295082
27.495081967213114
27.49672131147541
27.5
27.49672131147541
27.51311475409836
27.51967213114754
27.51311475409836
27.51311475409836
27.51311475409836
27.5
27.514754098360655
27.51311475409836
\
27.495081967213114
27.491803278688526
27.5
27.49344262295082
27.495081967213114
27.495081967213114
27.5
27.495081967213114
27.491803278688526
27.49344262295082
27.49344262295082
27.495081967213114
27.5
27.5
27.5
27.51311475409836
27.511475409836066
27.5
27.51311475409836
27.51311475409836
27.51311475409836
27.51311475409836
27.5
27.514754098360655
27.51311475409836
\
27.490163934426228
27.491803278688526
27.49672131147541
27.49344262295082
27.495081967213114
27.49344262295082
27.49672131147541
27.49672131147541
27.49344262295082
27.49344262295082
27.495081967213114
27.5
27.51311475409836
27.511475409836066
27.5
27.511475409836066
27.5
27.5
27.514754098360655
27.51311475409836
27.51311475409836
27.49672131147541
27.49672131147541
27.51311475409836
27.51311475409836
\
27.49344262295082
27.491803278688526
27.495081967213114
27.490163934426228
27.495081967213114
27.49344262295082
27.495081967213114
27.5
27.495081967213114
27.49344262295082
27.49672131147541
27.51311475409836
27.51311475409836
27.5
27.511475409836066
27.5
27.5
27.5
27.51311475409836
27.5
27.51311475409836
27.5
27.5
27.51311475409836
27.5
\
27.495081967213114
27.495081967213114
27.49672131147541
27.490163934426228
27.49344262295082
27.495081967213114
27.49672131147541
27.495081967213114
27.49344262295082
27.49344262295082
27.5
27.511475409836066
27.514754098360655
27.51311475409836
27.51311475409836
27.51311475409836
27.5
27.5
27.514754098360655
27.51311475409836
27.51311475409836
27.5
27.503278688524592
27.51311475409836
27.51311475409836
\
