24.504918032786886
24.509836065573772
24.504918032786886
24.516393442622952
24.509836065573772
24.51311475409836
24.51311475409836
24.521311475409835
24.516393442622952
24.51967213114754
24.521311475409835
24.52622950819672
24.516393442622952
24.516393442622952
24.51311475409836
24.51311475409836
24.51311475409836
24.516393442622952
24.521311475409835
24.524590163934427
24.50655737704918
\
24.504918032786886
24.50655737704918
24.501639344262294
24.509836065573772
24.504918032786886
24.509836065573772
24.508196721311474
24.518032786885247
24.51311475409836
24.51311475409836
24.51311475409836
24.521311475409835
24.516393442622952
24.509836065573772
24.508196721311474
24.509836065573772
24.508196721311474
24.509836065573772
24.516393442622952
24.51967213114754
24.509836065573772
\
24.508196721311474
24.51311475409836
24.504918032786886
24.51311475409836
24.509836065573772
24.509836065573772
24.509836065573772
24.521311475409835
24.51311475409836
24.516393442622952
24.516393442622952
24.521311475409835
24.516393442622952
24.51311475409836
24.509836065573772
24.521311475409835
24.509836065573772
24.516393442622952
24.521311475409835
24.51967213114754
24.509836065573772
\
24.516393442622952
24.527868852459015
24.509836065573772
24.521311475409835
24.516393442622952
24.521311475409835
24.524590163934427
24.52622950819672
24.521311475409835
24.524590163934427
24.524590163934427
24.527868852459015
24.521311475409835
24.521311475409835
24.521311475409835
24.521311475409835
24.516393442622952
24.518032786885247
24.527868852459015
24.524590163934427
24.516393442622952
\
24.52622950819672
24.51967213114754
24.51967213114754
24.51967213114754
24.518032786885247
24.522950819672133
24.516393442622952
24.52622950819672
24.52622950819672
24.52622950819672
24.521311475409835
24.529508196721313
24.521311475409835
24.52622950819672
24.52622950819672
24.529508196721313
24.52622950819672
24.524590163934427
24.521311475409835
24.521311475409835
24.518032786885247
24.521311475409835
24.529508196721313
24.527868852459015
24.51967213114754
\
24.52622950819672
24.51967213114754
24.521311475409835
24.521311475409835
24.521311475409835
24.531147540983607
24.521311475409835
24.524590163934427
24.52622950819672
24.521311475409835
24.521311475409835
24.5327868852459
24.52622950819672
24.527868852459015
24.52622950819672
24.5327868852459
24.52622950819672
24.524590163934427
24.524590163934427
24.529508196721313
24.524590163934427
24.529508196721313
24.529508196721313
24.52622950819672
24.521311475409835
\
24.529508196721313
24.521311475409835
24.521311475409835
24.51967213114754
24.51967213114754
24.529508196721313
24.521311475409835
24.522950819672133
24.521311475409835
24.521311475409835
24.521311475409835
24.529508196721313
24.52622950819672
24.52622950819672
24.52622950819672
24.5327868852459
24.529508196721313
24.524590163934427
24.524590163934427
24.521311475409835
24.521311475409835
24.521311475409835
24.5327868852459
24.524590163934427
24.518032786885247
\
24.531147540983607
24.508196721311474
24.516393442622952
24.516393442622952
24.51311475409836
24.521311475409835
24.518032786885247
24.521311475409835
24.518032786885247
24.521311475409835
24.51967213114754
24.5327868852459
24.524590163934427
24.529508196721313
24.529508196721313
24.529508196721313
24.52622950819672
24.52622950819672
24.524590163934427
24.521311475409835
24.516393442622952
24.51967213114754
24.529508196721313
24.521311475409835
24.521311475409835
\
24.527868852459015
24.51311475409836
24.509836065573772
24.509836065573772
24.521311475409835
24.521311475409835
24.51967213114754
24.521311475409835
24.516393442622952
24.518032786885247
24.51311475409836
24.521311475409835
24.521311475409835
24.521311475409835
24.529508196721313
24.529508196721313
24.527868852459015
24.521311475409835
24.524590163934427
24.521311475409835
24.508196721311474
24.51311475409836
24.52622950819672
24.524590163934427
24.52622950819672
\
24.52622950819672
24.51311475409836
24.509836065573772
24.51967213114754
24.516393442622952
24.521311475409835
24.51311475409836
24.516393442622952
24.509836065573772
24.51311475409836
24.51311475409836
24.516393442622952
24.518032786885247
24.521311475409835
24.522950819672133
24.527868852459015
24.521311475409835
24.51967213114754
24.516393442622952
24.51311475409836
24.508196721311474
24.51311475409836
24.524590163934427
24.52622950819672
24.527868852459015
\
24.521311475409835
24.508196721311474
24.504918032786886
24.51311475409836
24.508196721311474
24.51311475409836
24.508196721311474
24.511475409836066
24.508196721311474
24.51311475409836
24.509836065573772
24.516393442622952
24.508196721311474
24.518032786885247
24.51967213114754
24.521311475409835
24.51967213114754
24.516393442622952
24.509836065573772
24.501639344262294
24.504918032786886
24.509836065573772
24.51967213114754
24.51967213114754
24.516393442622952
\
24.521311475409835
24.504918032786886
24.501639344262294
24.504918032786886
24.503278688524592
24.51311475409836
24.511475409836066
24.51311475409836
24.51311475409836
24.516393442622952
24.516393442622952
24.521311475409835
24.51311475409836
24.516393442622952
24.524590163934427
24.51967213114754
24.516393442622952
24.51311475409836
24.51311475409836
24.508196721311474
24.504918032786886
24.508196721311474
24.516393442622952
24.521311475409835
24.51967213114754
\
24.51311475409836
24.508196721311474
24.504918032786886
24.509836065573772
24.509836065573772
24.518032786885247
24.51311475409836
24.518032786885247
24.51311475409836
24.51967213114754
24.521311475409835
24.5327868852459
24.51967213114754
24.522950819672133
24.527868852459015
24.524590163934427
24.516393442622952
24.516393442622952
24.51311475409836
24.51311475409836
24.508196721311474
24.509836065573772
24.51967213114754
24.51967213114754
24.518032786885247
\
24.516393442622952
24.511475409836066
24.501639344262294
24.508196721311474
24.509836065573772
24.51311475409836
24.50655737704918
24.516393442622952
24.511475409836066
24.51967213114754
24.518032786885247
24.521311475409835
24.524590163934427
24.521311475409835
24.51967213114754
24.521311475409835
24.51311475409836
24.51311475409836
24.509836065573772
24.504918032786886
24.5
24.50655737704918
24.511475409836066
24.509836065573772
24.51311475409836
\
24.509836065573772
24.503278688524592
24.503278688524592
24.50655737704918
24.50655737704918
24.516393442622952
24.504918032786886
24.509836065573772
24.504918032786886
24.51311475409836
24.516393442622952
24.524590163934427
24.516393442622952
24.521311475409835
24.51311475409836
24.516393442622952
24.509836065573772
24.504918032786886
24.508196721311474
24.501639344262294
24.491803278688526
24.504918032786886
24.508196721311474
24.511475409836066
24.504918032786886
\
24.509836065573772
24.5
24.501639344262294
24.501639344262294
24.501639344262294
24.503278688524592
24.501639344262294
24.508196721311474
24.501639344262294
24.511475409836066
24.50655737704918
24.516393442622952
24.508196721311474
24.508196721311474
24.508196721311474
24.509836065573772
24.503278688524592
24.501639344262294
24.503278688524592
24.501639344262294
24.498360655737706
24.5
24.503278688524592
24.503278688524592
24.503278688524592
\
