25.495081967213114
25.495081967213114
25.501639344262294
25.503278688524592
25.501639344262294
25.50655737704918
25.50655737704918
25.508196721311474
25.508196721311474
25.50655737704918
25.51311475409836
25.503278688524592
25.50655737704918
25.50655737704918
25.503278688524592
25.50655737704918
25.498360655737706
25.50655737704918
25.5
25.498360655737706
25.501639344262294
\
25.488524590163934
25.490163934426228
25.49344262295082
25.495081967213114
25.491803278688526
25.495081967213114
25.498360655737706
25.495081967213114
25.498360655737706
25.495081967213114
25.50655737704918
25.498360655737706
25.495081967213114
25.5
25.498360655737706
25.49344262295082
25.498360655737706
25.498360655737706
25.498360655737706
25.495081967213114
25.49344262295082
\
25.491803278688526
25.488524590163934
25.49344262295082
25.495081967213114
25.490163934426228
25.491803278688526
25.495081967213114
25.49344262295082
25.495081967213114
25.495081967213114
25.501639344262294
25.495081967213114
25.498360655737706
25.501639344262294
25.495081967213114
25.49344262295082
25.491803278688526
25.495081967213114
25.495081967213114
25.495081967213114
25.495081967213114
\
25.488524590163934
25.485245901639345
25.490163934426228
25.490163934426228
25.488524590163934
25.491803278688526
25.495081967213114
25.490163934426228
25.488524590163934
25.488524590163934
25.49672131147541
25.491803278688526
25.498360655737706
25.495081967213114
25.49344262295082
25.48688524590164
25.490163934426228
25.495081967213114
25.490163934426228
25.491803278688526
25.491803278688526
\
25.491803278688526
25.485245901639345
25.481967213114753
25.485245901639345
25.485245901639345
25.485245901639345
25.495081967213114
25.49344262295082
25.490163934426228
25.490163934426228
25.490163934426228
25.490163934426228
25.48688524590164
25.485245901639345
25.495081967213114
25.490163934426228
25.49344262295082
25.495081967213114
25.490163934426228
25.48688524590164
25.488524590163934
25.490163934426228
25.485245901639345
25.491803278688526
25.491803278688526
\
25.49672131147541
25.488524590163934
25.48688524590164
25.488524590163934
25.490163934426228
25.490163934426228
25.495081967213114
25.49672131147541
25.495081967213114
25.495081967213114
25.49672131147541
25.495081967213114
25.491803278688526
25.490163934426228
25.498360655737706
25.491803278688526
25.491803278688526
25.498360655737706
25.495081967213114
25.495081967213114
25.491803278688526
25.49344262295082
25.490163934426228
25.495081967213114
25.495081967213114
\
25.498360655737706
25.485245901639345
25.48688524590164
25.48688524590164
25.490163934426228
25.48688524590164
25.495081967213114
25.49672131147541
25.49344262295082
25.495081967213114
25.495081967213114
25.490163934426228
25.490163934426228
25.490163934426228
25.498360655737706
25.491803278688526
25.495081967213114
25.498360655737706
25.495081967213114
25.495081967213114
25.49344262295082
25.495081967213114
25.490163934426228
25.49344262295082
25.491803278688526
\
25.49672131147541
25.488524590163934
25.485245901639345
25.490163934426228
25.490163934426228
25.48688524590164
25.498360655737706
25.49672131147541
25.495081967213114
25.498360655737706
25.495081967213114
25.491803278688526
25.49344262295082
25.49344262295082
25.498360655737706
25.495081967213114
25.495081967213114
25.5
25.495081967213114
25.491803278688526
25.495081967213114
25.495081967213114
25.495081967213114
25.49672131147541
25.495081967213114
\
25.498360655737706
25.488524590163934
25.485245901639345
25.48688524590164
25.488524590163934
25.485245901639345
25.495081967213114
25.495081967213114
25.495081967213114
25.490163934426228
25.495081967213114
25.490163934426228
25.49344262295082
25.490163934426228
25.498360655737706
25.495081967213114
25.498360655737706
25.5
25.501639344262294
25.498360655737706
25.49344262295082
25.501639344262294
25.498360655737706
25.498360655737706
25.491803278688526
\
25.495081967213114
25.48688524590164
25.485245901639345
25.490163934426228
25.490163934426228
25.48688524590164
25.498360655737706
25.495081967213114
25.491803278688526
25.491803278688526
25.498360655737706
25.495081967213114
25.498360655737706
25.495081967213114
25.503278688524592
25.501639344262294
25.504918032786886
25.504918032786886
25.501639344262294
25.501639344262294
25.501639344262294
25.5
25.501639344262294
25.501639344262294
25.498360655737706
\
25.495081967213114
25.485245901639345
25.485245901639345
25.490163934426228
25.490163934426228
25.48688524590164
25.495081967213114
25.495081967213114
25.490163934426228
25.495081967213114
25.498360655737706
25.495081967213114
25.495081967213114
25.495081967213114
25.508196721311474
25.501639344262294
25.498360655737706
25.504918032786886
25.5
25.498360655737706
25.498360655737706
25.5
25.498360655737706
25.495081967213114
25.495081967213114
\
25.495081967213114
25.485245901639345
25.483606557377048
25.488524590163934
25.48688524590164
25.485245901639345
25.49672131147541
25.49672131147541
25.491803278688526
25.495081967213114
25.501639344262294
25.5
25.504918032786886
25.498360655737706
25.508196721311474
25.501639344262294
25.5
25.503278688524592
25.501639344262294
25.498360655737706
25.495081967213114
25.5
25.495081967213114
25.498360655737706
25.495081967213114
\
25.495081967213114
25.48688524590164
25.485245901639345
25.488524590163934
25.48688524590164
25.48688524590164
25.495081967213114
25.498360655737706
25.498360655737706
25.5
25.50655737704918
25.50655737704918
25.511475409836066
25.501639344262294
25.51311475409836
25.501639344262294
25.498360655737706
25.503278688524592
25.501639344262294
25.498360655737706
25.495081967213114
25.495081967213114
25.49672131147541
25.498360655737706
25.498360655737706
\
25.49672131147541
25.483606557377048
25.483606557377048
25.48688524590164
25.488524590163934
25.485245901639345
25.498360655737706
25.495081967213114
25.495081967213114
25.501639344262294
25.50655737704918
25.501639344262294
25.50655737704918
25.501639344262294
25.511475409836066
25.501639344262294
25.498360655737706
25.501639344262294
25.498360655737706
25.498360655737706
25.498360655737706
25.495081967213114
25.495081967213114
25.495081967213114
25.491803278688526
\
25.495081967213114
25.485245901639345
25.485245901639345
25.488524590163934
25.490163934426228
25.48688524590164
25.495081967213114
25.495081967213114
25.495081967213114
25.5
25.501639344262294
25.498360655737706
25.5
25.495081967213114
25.504918032786886
25.498360655737706
25.495081967213114
25.498360655737706
25.495081967213114
25.495081967213114
25.495081967213114
25.491803278688526
25.49344262295082
25.495081967213114
25.495081967213114
\
25.495081967213114
25.483606557377048
25.485245901639345
25.488524590163934
25.488524590163934
25.485245901639345
25.491803278688526
25.49344262295082
25.48688524590164
25.491803278688526
25.498360655737706
25.495081967213114
25.495081967213114
25.491803278688526
25.498360655737706
25.495081967213114
25.49344262295082
25.495081967213114
25.491803278688526
25.495081967213114
25.491803278688526
25.491803278688526
25.490163934426228
25.491803278688526
25.490163934426228
\
