25.536065573770493
25.531147540983607
25.527868852459015
25.527868852459015
25.527868852459015
25.5327868852459
25.568852459016394
25.52622950819672
25.521311475409835
25.521311475409835
25.518032786885247
25.521311475409835
25.521311475409835
25.51967213114754
25.52622950819672
25.521311475409835
25.521311475409835
25.51967213114754
25.518032786885247
25.518032786885247
25.51967213114754
\
25.547540983606556
25.549180327868854
25.549180327868854
25.547540983606556
25.547540983606556
25.540983606557376
25.552459016393442
25.537704918032787
25.5327868852459
25.527868852459015
25.527868852459015
25.52622950819672
25.521311475409835
25.522950819672133
25.521311475409835
25.51967213114754
25.51311475409836
25.504918032786886
25.495081967213114
25.495081967213114
25.495081967213114
\
25.560655737704916
25.562295081967214
25.560655737704916
25.562295081967214
25.565573770491802
25.562295081967214
25.565573770491802
25.555737704918034
25.562295081967214
25.562295081967214
25.562295081967214
25.57377049180328
25.57377049180328
25.57377049180328
25.58360655737705
25.588524590163935
25.595081967213115
25.59344262295082
25.58360655737705
25.585245901639343
25.58688524590164
\
25.547540983606556
25.549180327868854
25.549180327868854
25.547540983606556
25.547540983606556
25.549180327868854
25.549180327868854
25.542622950819673
25.547540983606556
25.547540983606556
25.547540983606556
25.549180327868854
25.549180327868854
25.552459016393442
25.560655737704916
25.567213114754097
25.57704918032787
25.58360655737705
25.58688524590164
25.57704918032787
25.58032786885246
\
25.547540983606556
25.53934426229508
25.54590163934426
25.54590163934426
25.547540983606556
25.547540983606556
25.542622950819673
25.542622950819673
25.542622950819673
25.540983606557376
25.540983606557376
25.534426229508195
25.536065573770493
25.536065573770493
25.536065573770493
25.53934426229508
25.53934426229508
25.542622950819673
25.54590163934426
25.549180327868854
25.552459016393442
25.552459016393442
25.557377049180328
25.552459016393442
25.549180327868854
\
25.54590163934426
25.53934426229508
25.54590163934426
25.547540983606556
25.549180327868854
25.547540983606556
25.54590163934426
25.54590163934426
25.540983606557376
25.537704918032787
25.53934426229508
25.531147540983607
25.531147540983607
25.527868852459015
25.527868852459015
25.527868852459015
25.527868852459015
25.531147540983607
25.540983606557376
25.542622950819673
25.549180327868854
25.552459016393442
25.552459016393442
25.550819672131148
25.54590163934426
\
25.54590163934426
25.5327868852459
25.540983606557376
25.54590163934426
25.54590163934426
25.542622950819673
25.542622950819673
25.542622950819673
25.537704918032787
25.536065573770493
25.536065573770493
25.527868852459015
25.527868852459015
25.52622950819672
25.527868852459015
25.52622950819672
25.527868852459015
25.527868852459015
25.527868852459015
25.5327868852459
25.542622950819673
25.547540983606556
25.542622950819673
25.53934426229508
25.527868852459015
\
25.542622950819673
25.527868852459015
25.537704918032787
25.54590163934426
25.540983606557376
25.540983606557376
25.53934426229508
25.53934426229508
25.534426229508195
25.5327868852459
25.537704918032787
25.521311475409835
25.521311475409835
25.522950819672133
25.521311475409835
25.522950819672133
25.522950819672133
25.52622950819672
25.527868852459015
25.522950819672133
25.527868852459015
25.5327868852459
25.534426229508195
25.527868852459015
25.52622950819672
\
25.534426229508195
25.527868852459015
25.53934426229508
25.53934426229508
25.53934426229508
25.536065573770493
25.534426229508195
25.53934426229508
25.5327868852459
25.522950819672133
25.527868852459015
25.51967213114754
25.52622950819672
25.52622950819672
25.527868852459015
25.521311475409835
25.52622950819672
25.522950819672133
25.527868852459015
25.522950819672133
25.52622950819672
25.527868852459015
25.522950819672133
25.51967213114754
25.51967213114754
\
25.53934426229508
25.527868852459015
25.53934426229508
25.54590163934426
25.540983606557376
25.53934426229508
25.53934426229508
25.537704918032787
25.527868852459015
25.527868852459015
25.52622950819672
25.522950819672133
25.531147540983607
25.527868852459015
25.527868852459015
25.527868852459015
25.5327868852459
25.52622950819672
25.527868852459015
25.522950819672133
25.52622950819672
25.521311475409835
25.521311475409835
25.518032786885247
25.521311475409835
\
25.53934426229508
25.527868852459015
25.540983606557376
25.54590163934426
25.54590163934426
25.53934426229508
25.540983606557376
25.53934426229508
25.53934426229508
25.534426229508195
25.5327868852459
25.527868852459015
25.527868852459015
25.531147540983607
25.537704918032787
25.5327868852459
25.527868852459015
25.52622950819672
25.527868852459015
25.527868852459015
25.52622950819672
25.521311475409835
25.521311475409835
25.521311475409835
25.52622950819672
\
25.542622950819673
25.5327868852459
25.542622950819673
25.54590163934426
25.54590163934426
25.540983606557376
25.542622950819673
25.53934426229508
25.53934426229508
25.542622950819673
25.536065573770493
25.536065573770493
25.53934426229508
25.542622950819673
25.540983606557376
25.53934426229508
25.527868852459015
25.52622950819672
25.531147540983607
25.52622950819672
25.527868852459015
25.521311475409835
25.521311475409835
25.521311475409835
25.527868852459015
\
25.542622950819673
25.5327868852459
25.542622950819673
25.547540983606556
25.547540983606556
25.540983606557376
25.53934426229508
25.53934426229508
25.542622950819673
25.54590163934426
25.54590163934426
25.542622950819673
25.542622950819673
25.54590163934426
25.542622950819673
25.534426229508195
25.5327868852459
25.527868852459015
25.529508196721313
25.527868852459015
25.527868852459015
25.522950819672133
25.522950819672133
25.521311475409835
25.522950819672133
\
25.540983606557376
25.5327868852459
25.53934426229508
25.547540983606556
25.550819672131148
25.542622950819673
25.542622950819673
25.53934426229508
25.542622950819673
25.54590163934426
25.54590163934426
25.542622950819673
25.542622950819673
25.54590163934426
25.53934426229508
25.531147540983607
25.5327868852459
25.527868852459015
25.5327868852459
25.527868852459015
25.531147540983607
25.527868852459015
25.52622950819672
25.527868852459015
25.52622950819672
\
25.549180327868854
25.53934426229508
25.54590163934426
25.550819672131148
25.549180327868854
25.54590163934426
25.54590163934426
25.542622950819673
25.54590163934426
25.54590163934426
25.547540983606556
25.54590163934426
25.540983606557376
25.542622950819673
25.53934426229508
25.53934426229508
25.537704918032787
25.531147540983607
25.534426229508195
25.531147540983607
25.5327868852459
25.5327868852459
25.52622950819672
25.531147540983607
25.527868852459015
\
25.54590163934426
25.53934426229508
25.542622950819673
25.547540983606556
25.547540983606556
25.54590163934426
25.540983606557376
25.542622950819673
25.53934426229508
25.540983606557376
25.542622950819673
25.534426229508195
25.53934426229508
25.536065573770493
25.534426229508195
25.5327868852459
25.527868852459015
25.527868852459015
25.537704918032787
25.529508196721313
25.5327868852459
25.527868852459015
25.52622950819672
25.527868852459015
25.527868852459015
\
