27.521311475409835
27.511475409836066
27.529508196721313
27.529508196721313
27.52622950819672
27.52622950819672
27.52622950819672
27.51967213114754
27.518032786885247
27.52622950819672
27.521311475409835
27.511475409836066
27.521311475409835
27.521311475409835
27.511475409836066
27.521311475409835
27.521311475409835
27.511475409836066
27.509836065573772
27.508196721311474
27.509836065573772
\
27.518032786885247
27.508196721311474
27.51967213114754
27.51967213114754
27.518032786885247
27.521311475409835
27.518032786885247
27.511475409836066
27.508196721311474
27.511475409836066
27.511475409836066
27.511475409836066
27.511475409836066
27.511475409836066
27.509836065573772
27.518032786885247
27.511475409836066
27.511475409836066
27.509836065573772
27.5
27.5
\
27.511475409836066
27.5
27.511475409836066
27.518032786885247
27.511475409836066
27.521311475409835
27.511475409836066
27.509836065573772
27.509836065573772
27.511475409836066
27.511475409836066
27.511475409836066
27.511475409836066
27.511475409836066
27.509836065573772
27.518032786885247
27.509836065573772
27.511475409836066
27.503278688524592
27.5
27.5
\
27.511475409836066
27.50655737704918
27.518032786885247
27.511475409836066
27.5
27.514754098360655
27.521311475409835
27.509836065573772
27.511475409836066
27.514754098360655
27.511475409836066
27.511475409836066
27.521311475409835
27.51967213114754
27.511475409836066
27.511475409836066
27.509836065573772
27.508196721311474
27.50655737704918
27.50655737704918
27.50655737704918
\
27.51967213114754
27.511475409836066
27.508196721311474
27.511475409836066
27.5
27.495081967213114
27.511475409836066
27.508196721311474
27.5
27.511475409836066
27.511475409836066
27.50655737704918
27.50655737704918
27.508196721311474
27.5
27.503278688524592
27.511475409836066
27.511475409836066
27.508196721311474
27.511475409836066
27.5
27.503278688524592
27.503278688524592
27.495081967213114
27.48688524590164
\
27.521311475409835
27.521311475409835
27.509836065573772
27.509836065573772
27.508196721311474
27.5
27.511475409836066
27.511475409836066
27.5
27.509836065573772
27.511475409836066
27.5
27.495081967213114
27.503278688524592
27.50655737704918
27.509836065573772
27.509836065573772
27.511475409836066
27.509836065573772
27.509836065573772
27.508196721311474
27.503278688524592
27.5
27.498360655737706
27.498360655737706
\
27.527868852459015
27.521311475409835
27.509836065573772
27.511475409836066
27.508196721311474
27.5
27.511475409836066
27.509836065573772
27.5
27.509836065573772
27.511475409836066
27.498360655737706
27.5
27.509836065573772
27.50655737704918
27.503278688524592
27.509836065573772
27.518032786885247
27.503278688524592
27.511475409836066
27.508196721311474
27.509836065573772
27.50655737704918
27.5
27.498360655737706
\
27.521311475409835
27.511475409836066
27.508196721311474
27.509836065573772
27.508196721311474
27.5
27.511475409836066
27.5
27.5
27.503278688524592
27.509836065573772
27.498360655737706
27.5
27.508196721311474
27.503278688524592
27.50655737704918
27.511475409836066
27.511475409836066
27.503278688524592
27.511475409836066
27.509836065573772
27.508196721311474
27.508196721311474
27.5
27.5
\
27.521311475409835
27.514754098360655
27.511475409836066
27.511475409836066
27.509836065573772
27.5
27.51311475409836
27.509836065573772
27.509836065573772
27.509836065573772
27.511475409836066
27.50655737704918
27.5
27.50655737704918
27.509836065573772
27.509836065573772
27.511475409836066
27.514754098360655
27.511475409836066
27.518032786885247
27.511475409836066
27.509836065573772
27.509836065573772
27.503278688524592
27.498360655737706
\
27.521311475409835
27.511475409836066
27.508196721311474
27.508196721311474
27.508196721311474
27.498360655737706
27.511475409836066
27.509836065573772
27.5
27.509836065573772
27.511475409836066
27.498360655737706
27.5
27.508196721311474
27.511475409836066
27.511475409836066
27.511475409836066
27.518032786885247
27.511475409836066
27.511475409836066
27.518032786885247
27.511475409836066
27.511475409836066
27.508196721311474
27.5
\
27.51967213114754
27.509836065573772
27.508196721311474
27.50655737704918
27.5
27.495081967213114
27.509836065573772
27.511475409836066
27.50655737704918
27.508196721311474
27.511475409836066
27.5
27.5
27.508196721311474
27.50655737704918
27.511475409836066
27.511475409836066
27.521311475409835
27.511475409836066
27.51967213114754
27.511475409836066
27.509836065573772
27.511475409836066
27.503278688524592
27.503278688524592
\
27.511475409836066
27.509836065573772
27.50655737704918
27.503278688524592
27.503278688524592
27.490163934426228
27.508196721311474
27.50655737704918
27.5
27.5
27.511475409836066
27.5
27.5
27.511475409836066
27.511475409836066
27.511475409836066
27.511475409836066
27.521311475409835
27.511475409836066
27.511475409836066
27.511475409836066
27.509836065573772
27.509836065573772
27.508196721311474
27.5
\
27.518032786885247
27.511475409836066
27.509836065573772
27.508196721311474
27.508196721311474
27.5
27.51311475409836
27.508196721311474
27.503278688524592
27.511475409836066
27.511475409836066
27.509836065573772
27.509836065573772
27.518032786885247
27.51967213114754
27.511475409836066
27.511475409836066
27.521311475409835
27.511475409836066
27.511475409836066
27.511475409836066
27.51311475409836
27.509836065573772
27.50655737704918
27.50655737704918
\
27.511475409836066
27.509836065573772
27.509836065573772
27.509836065573772
27.509836065573772
27.495081967213114
27.511475409836066
27.511475409836066
27.50655737704918
27.514754098360655
27.511475409836066
27.511475409836066
27.518032786885247
27.521311475409835
27.51967213114754
27.518032786885247
27.511475409836066
27.511475409836066
27.511475409836066
27.511475409836066
27.509836065573772
27.509836065573772
27.503278688524592
27.503278688524592
27.5
\
27.518032786885247
27.509836065573772
27.509836065573772
27.509836065573772
27.50655737704918
27.5
27.511475409836066
27.518032786885247
27.509836065573772
27.518032786885247
27.521311475409835
27.511475409836066
27.521311475409835
27.524590163934427
27.521311475409835
27.521311475409835
27.511475409836066
27.52622950819672
27.511475409836066
27.511475409836066
27.511475409836066
27.508196721311474
27.503278688524592
27.50655737704918
27.503278688524592
\
27.511475409836066
27.503278688524592
27.508196721311474
27.503278688524592
27.503278688524592
27.5
27.511475409836066
27.511475409836066
27.50655737704918
27.521311475409835
27.521311475409835
27.511475409836066
27.51967213114754
27.521311475409835
27.521311475409835
27.521311475409835
27.518032786885247
27.521311475409835
27.518032786885247
27.511475409836066
27.511475409836066
27.508196721311474
27.50655737704918
27.50655737704918
27.5
\
