24.521311475409835
24.524590163934427
24.524590163934427
24.524590163934427
24.527868852459015
24.527868852459015
24.516393442622952
24.524590163934427
24.534426229508195
24.529508196721313
24.514754098360655
24.527868852459015
24.518032786885247
24.527868852459015
24.524590163934427
24.529508196721313
24.529508196721313
24.531147540983607
24.524590163934427
24.54590163934426
24.527868852459015
\
24.516393442622952
24.516393442622952
24.516393442622952
24.514754098360655
24.521311475409835
24.521311475409835
24.511475409836066
24.511475409836066
24.521311475409835
24.524590163934427
24.51311475409836
24.521311475409835
24.511475409836066
24.521311475409835
24.51311475409836
24.516393442622952
24.518032786885247
24.514754098360655
24.511475409836066
24.534426229508195
24.514754098360655
\
24.518032786885247
24.524590163934427
24.524590163934427
24.518032786885247
24.516393442622952
24.52622950819672
24.509836065573772
24.51311475409836
24.521311475409835
24.529508196721313
24.51311475409836
24.524590163934427
24.514754098360655
24.529508196721313
24.521311475409835
24.518032786885247
24.52622950819672
24.514754098360655
24.51311475409836
24.534426229508195
24.516393442622952
\
24.521311475409835
24.524590163934427
24.527868852459015
24.524590163934427
24.514754098360655
24.521311475409835
24.51311475409836
24.516393442622952
24.527868852459015
24.527868852459015
24.518032786885247
24.527868852459015
24.51311475409836
24.527868852459015
24.514754098360655
24.514754098360655
24.514754098360655
24.518032786885247
24.51311475409836
24.534426229508195
24.516393442622952
\
24.527868852459015
24.529508196721313
24.521311475409835
24.534426229508195
24.527868852459015
24.527868852459015
24.527868852459015
24.527868852459015
24.527868852459015
24.527868852459015
24.516393442622952
24.518032786885247
24.527868852459015
24.527868852459015
24.521311475409835
24.52622950819672
24.514754098360655
24.531147540983607
24.524590163934427
24.518032786885247
24.521311475409835
24.527868852459015
24.511475409836066
24.534426229508195
24.521311475409835
\
24.518032786885247
24.514754098360655
24.511475409836066
24.529508196721313
24.527868852459015
24.521311475409835
24.524590163934427
24.518032786885247
24.521311475409835
24.518032786885247
24.511475409836066
24.51311475409836
24.518032786885247
24.518032786885247
24.511475409836066
24.521311475409835
24.509836065573772
24.516393442622952
24.518032786885247
24.518032786885247
24.516393442622952
24.518032786885247
24.511475409836066
24.534426229508195
24.516393442622952
\
24.516393442622952
24.504918032786886
24.503278688524592
24.516393442622952
24.516393442622952
24.509836065573772
24.514754098360655
24.516393442622952
24.509836065573772
24.514754098360655
24.501639344262294
24.504918032786886
24.516393442622952
24.51311475409836
24.5
24.51311475409836
24.5
24.504918032786886
24.509836065573772
24.509836065573772
24.509836065573772
24.509836065573772
24.498360655737706
24.514754098360655
24.504918032786886
\
24.518032786885247
24.514754098360655
24.509836065573772
24.518032786885247
24.514754098360655
24.511475409836066
24.518032786885247
24.514754098360655
24.511475409836066
24.516393442622952
24.509836065573772
24.509836065573772
24.518032786885247
24.518032786885247
24.503278688524592
24.514754098360655
24.503278688524592
24.511475409836066
24.511475409836066
24.511475409836066
24.51311475409836
24.511475409836066
24.504918032786886
24.518032786885247
24.509836065573772
\
24.514754098360655
24.504918032786886
24.504918032786886
24.51311475409836
24.514754098360655
24.51311475409836
24.514754098360655
24.51311475409836
24.509836065573772
24.509836065573772
24.503278688524592
24.503278688524592
24.521311475409835
24.518032786885247
24.504918032786886
24.514754098360655
24.501639344262294
24.504918032786886
24.504918032786886
24.504918032786886
24.504918032786886
24.504918032786886
24.498360655737706
24.514754098360655
24.501639344262294
\
24.514754098360655
24.509836065573772
24.503278688524592
24.521311475409835
24.516393442622952
24.51311475409836
24.51311475409836
24.514754098360655
24.509836065573772
24.51311475409836
24.504918032786886
24.504918032786886
24.518032786885247
24.521311475409835
24.511475409836066
24.514754098360655
24.509836065573772
24.511475409836066
24.509836065573772
24.503278688524592
24.503278688524592
24.509836065573772
24.49672131147541
24.518032786885247
24.504918032786886
\
24.514754098360655
24.504918032786886
24.501639344262294
24.521311475409835
24.514754098360655
24.511475409836066
24.509836065573772
24.51311475409836
24.509836065573772
24.518032786885247
24.509836065573772
24.511475409836066
24.514754098360655
24.521311475409835
24.509836065573772
24.516393442622952
24.509836065573772
24.518032786885247
24.509836065573772
24.504918032786886
24.504918032786886
24.504918032786886
24.49672131147541
24.514754098360655
24.503278688524592
\
24.51311475409836
24.503278688524592
24.5
24.51311475409836
24.511475409836066
24.504918032786886
24.51311475409836
24.514754098360655
24.504918032786886
24.516393442622952
24.509836065573772
24.51311475409836
24.516393442622952
24.514754098360655
24.509836065573772
24.516393442622952
24.501639344262294
24.514754098360655
24.51311475409836
24.509836065573772
24.511475409836066
24.503278688524592
24.49672131147541
24.511475409836066
24.501639344262294
\
24.514754098360655
24.511475409836066
24.509836065573772
24.514754098360655
24.51311475409836
24.514754098360655
24.516393442622952
24.518032786885247
24.511475409836066
24.518032786885247
24.516393442622952
24.521311475409835
24.529508196721313
24.527868852459015
24.509836065573772
24.518032786885247
24.511475409836066
24.524590163934427
24.514754098360655
24.514754098360655
24.509836065573772
24.51311475409836
24.5
24.514754098360655
24.504918032786886
\
24.516393442622952
24.511475409836066
24.503278688524592
24.516393442622952
24.51311475409836
24.518032786885247
24.51967213114754
24.521311475409835
24.516393442622952
24.518032786885247
24.514754098360655
24.518032786885247
24.534426229508195
24.527868852459015
24.511475409836066
24.51967213114754
24.511475409836066
24.521311475409835
24.516393442622952
24.51311475409836
24.51311475409836
24.514754098360655
24.501639344262294
24.518032786885247
24.509836065573772
\
24.516393442622952
24.511475409836066
24.509836065573772
24.514754098360655
24.511475409836066
24.514754098360655
24.516393442622952
24.514754098360655
24.514754098360655
24.514754098360655
24.514754098360655
24.514754098360655
24.534426229508195
24.527868852459015
24.514754098360655
24.521311475409835
24.511475409836066
24.518032786885247
24.51311475409836
24.51311475409836
24.511475409836066
24.511475409836066
24.501639344262294
24.518032786885247
24.51311475409836
\
24.511475409836066
24.504918032786886
24.503278688524592
24.511475409836066
24.51311475409836
24.511475409836066
24.511475409836066
24.509836065573772
24.503278688524592
24.51311475409836
24.504918032786886
24.511475409836066
24.521311475409835
24.518032786885247
24.516393442622952
24.516393442622952
24.503278688524592
24.51311475409836
24.504918032786886
24.501639344262294
24.511475409836066
24.501639344262294
24.498360655737706
24.518032786885247
24.501639344262294
\
