25.504918032786886
25.503278688524592
25.511475409836066
25.511475409836066
25.511475409836066
25.50655737704918
25.521311475409835
25.511475409836066
25.521311475409835
25.521311475409835
25.521311475409835
25.51967213114754
25.521311475409835
25.527868852459015
25.524590163934427
25.511475409836066
25.511475409836066
25.521311475409835
25.521311475409835
25.518032786885247
25.503278688524592
\
25.5
25.5
25.50655737704918
25.504918032786886
25.504918032786886
25.50655737704918
25.511475409836066
25.5
25.504918032786886
25.503278688524592
25.50655737704918
25.504918032786886
25.511475409836066
25.511475409836066
25.504918032786886
25.501639344262294
25.501639344262294
25.511475409836066
25.508196721311474
25.503278688524592
25.5
\
25.498360655737706
25.501639344262294
25.504918032786886
25.50655737704918
25.50655737704918
25.51311475409836
25.508196721311474
25.503278688524592
25.504918032786886
25.501639344262294
25.504918032786886
25.501639344262294
25.503278688524592
25.50655737704918
25.503278688524592
25.501639344262294
25.501639344262294
25.511475409836066
25.508196721311474
25.5
25.501639344262294
\
25.501639344262294
25.501639344262294
25.50655737704918
25.50655737704918
25.511475409836066
25.511475409836066
25.51967213114754
25.50655737704918
25.504918032786886
25.501639344262294
25.504918032786886
25.501639344262294
25.50655737704918
25.50655737704918
25.508196721311474
25.501639344262294
25.5
25.508196721311474
25.514754098360655
25.5
25.503278688524592
\
25.511475409836066
25.501639344262294
25.501639344262294
25.504918032786886
25.501639344262294
25.501639344262294
25.504918032786886
25.504918032786886
25.50655737704918
25.50655737704918
25.51967213114754
25.50655737704918
25.503278688524592
25.5
25.501639344262294
25.501639344262294
25.50655737704918
25.508196721311474
25.50655737704918
25.498360655737706
25.498360655737706
25.50655737704918
25.504918032786886
25.501639344262294
25.503278688524592
\
25.50655737704918
25.503278688524592
25.5
25.504918032786886
25.503278688524592
25.504918032786886
25.508196721311474
25.50655737704918
25.50655737704918
25.508196721311474
25.511475409836066
25.50655737704918
25.504918032786886
25.5
25.5
25.5
25.501639344262294
25.504918032786886
25.501639344262294
25.498360655737706
25.498360655737706
25.50655737704918
25.504918032786886
25.501639344262294
25.495081967213114
\
25.504918032786886
25.5
25.5
25.501639344262294
25.504918032786886
25.501639344262294
25.50655737704918
25.503278688524592
25.50655737704918
25.50655737704918
25.511475409836066
25.501639344262294
25.50655737704918
25.5
25.501639344262294
25.5
25.501639344262294
25.504918032786886
25.5
25.5
25.5
25.511475409836066
25.50655737704918
25.5
25.495081967213114
\
25.50655737704918
25.501639344262294
25.5
25.501639344262294
25.511475409836066
25.503278688524592
25.50655737704918
25.511475409836066
25.511475409836066
25.511475409836066
25.521311475409835
25.50655737704918
25.503278688524592
25.5
25.501639344262294
25.501639344262294
25.503278688524592
25.504918032786886
25.501639344262294
25.5
25.5
25.511475409836066
25.511475409836066
25.501639344262294
25.501639344262294
\
25.511475409836066
25.504918032786886
25.501639344262294
25.501639344262294
25.511475409836066
25.503278688524592
25.50655737704918
25.511475409836066
25.511475409836066
25.511475409836066
25.521311475409835
25.50655737704918
25.504918032786886
25.501639344262294
25.504918032786886
25.501639344262294
25.50655737704918
25.504918032786886
25.50655737704918
25.501639344262294
25.504918032786886
25.511475409836066
25.518032786885247
25.50655737704918
25.511475409836066
\
25.50655737704918
25.5
25.5
25.504918032786886
25.511475409836066
25.503278688524592
25.50655737704918
25.511475409836066
25.511475409836066
25.521311475409835
25.511475409836066
25.504918032786886
25.503278688524592
25.498360655737706
25.504918032786886
25.501639344262294
25.503278688524592
25.503278688524592
25.508196721311474
25.501639344262294
25.501639344262294
25.521311475409835
25.511475409836066
25.50655737704918
25.50655737704918
\
25.508196721311474
25.5
25.501639344262294
25.503278688524592
25.50655737704918
25.504918032786886
25.51311475409836
25.511475409836066
25.511475409836066
25.521311475409835
25.511475409836066
25.501639344262294
25.503278688524592
25.498360655737706
25.503278688524592
25.504918032786886
25.503278688524592
25.503278688524592
25.504918032786886
25.501639344262294
25.504918032786886
25.511475409836066
25.508196721311474
25.504918032786886
25.508196721311474
\
25.50655737704918
25.501639344262294
25.501639344262294
25.504918032786886
25.511475409836066
25.504918032786886
25.511475409836066
25.51311475409836
25.518032786885247
25.521311475409835
25.521311475409835
25.503278688524592
25.50655737704918
25.501639344262294
25.503278688524592
25.503278688524592
25.503278688524592
25.504918032786886
25.508196721311474
25.504918032786886
25.504918032786886
25.50655737704918
25.50655737704918
25.503278688524592
25.508196721311474
\
25.51967213114754
25.501639344262294
25.501639344262294
25.503278688524592
25.511475409836066
25.504918032786886
25.511475409836066
25.50655737704918
25.511475409836066
25.521311475409835
25.521311475409835
25.511475409836066
25.511475409836066
25.51311475409836
25.50655737704918
25.503278688524592
25.504918032786886
25.504918032786886
25.501639344262294
25.501639344262294
25.5
25.504918032786886
25.504918032786886
25.5
25.50655737704918
\
25.521311475409835
25.503278688524592
25.503278688524592
25.501639344262294
25.511475409836066
25.501639344262294
25.508196721311474
25.511475409836066
25.511475409836066
25.521311475409835
25.521311475409835
25.511475409836066
25.521311475409835
25.511475409836066
25.511475409836066
25.504918032786886
25.50655737704918
25.503278688524592
25.501639344262294
25.5
25.501639344262294
25.504918032786886
25.508196721311474
25.501639344262294
25.508196721311474
\
25.51967213114754
25.501639344262294
25.5
25.501639344262294
25.511475409836066
25.503278688524592
25.50655737704918
25.50655737704918
25.511475409836066
25.511475409836066
25.521311475409835
25.511475409836066
25.521311475409835
25.50655737704918
25.511475409836066
25.504918032786886
25.504918032786886
25.50655737704918
25.5
25.5
25.498360655737706
25.511475409836066
25.51311475409836
25.504918032786886
25.511475409836066
\
25.511475409836066
25.501639344262294
25.503278688524592
25.504918032786886
25.521311475409835
25.511475409836066
25.521311475409835
25.511475409836066
25.511475409836066
25.511475409836066
25.511475409836066
25.501639344262294
25.503278688524592
25.498360655737706
25.511475409836066
25.504918032786886
25.504918032786886
25.504918032786886
25.503278688524592
25.503278688524592
25.50655737704918
25.521311475409835
25.521311475409835
25.511475409836066
25.521311475409835
\
