22.25245901639344
22.154098360655738
21.99672131147541
21.868852459016395
21.81967213114754
21.81967213114754
21.7672131147541
21.478688524590165
21.511475409836066
21.501639344262294
21.708196721311474
21.81639344262295
22.068852459016394
22.347540983606557
22.229508196721312
22.20655737704918
22.22622950819672
22.24590163934426
22.25901639344262
22.2655737704918
22.334426229508196
\
22.22622950819672
22.095081967213115
21.96065573770492
21.7672131147541
21.714754098360658
21.714754098360658
21.737704918032787
21.478688524590165
21.511475409836066
21.511475409836066
21.701639344262293
21.79672131147541
22.0
22.25901639344262
22.2
22.17049180327869
22.17049180327869
22.22622950819672
22.242622950819673
22.25245901639344
22.2655737704918
\
22.222950819672132
22.036065573770493
21.852459016393443
21.731147540983606
21.731147540983606
21.75409836065574
21.80327868852459
21.76065573770492
21.452459016393444
21.501639344262294
21.452459016393444
21.770491803278688
21.977049180327867
22.24590163934426
22.15737704918033
22.144262295081965
22.144262295081965
22.17377049180328
22.20655737704918
22.242622950819673
22.262295081967213
\
22.25245901639344
22.134426229508197
21.97377049180328
21.86229508196721
21.845901639344262
21.872131147540983
21.878688524590164
21.852459016393443
21.80327868852459
21.688524590163933
21.688524590163933
21.763934426229508
21.963934426229507
22.222950819672132
22.144262295081965
22.127868852459017
22.127868852459017
22.17049180327869
22.2
22.23934426229508
22.25245901639344
\
22.452459016393444
22.40327868852459
22.37049180327869
22.37049180327869
22.331147540983608
22.20983606557377
22.0327868852459
21.95409836065574
21.963934426229507
21.96065573770492
21.888524590163936
21.84918032786885
21.852459016393443
21.7672131147541
21.708196721311474
21.76065573770492
21.888524590163936
22.2
22.127868852459017
22.108196721311476
22.127868852459017
22.17704918032787
22.2
22.229508196721312
22.25901639344262
\
22.455737704918032
22.41311475409836
22.380327868852458
22.4
22.354098360655737
22.249180327868853
22.127868852459017
22.059016393442622
22.059016393442622
22.0
21.963934426229507
21.875409836065575
21.875409836065575
21.79016393442623
21.708196721311474
21.74754098360656
21.878688524590164
22.17049180327869
22.131147540983605
22.124590163934425
22.127868852459017
22.17377049180328
22.20655737704918
22.229508196721312
22.25901639344262
\
22.472131147540985
22.439344262295084
22.41967213114754
22.40655737704918
22.37049180327869
22.25901639344262
22.20983606557377
22.18688524590164
22.17049180327869
22.101639344262296
22.01311475409836
21.963934426229507
21.891803278688524
21.82295081967213
21.737704918032787
21.757377049180327
21.875409836065575
22.154098360655738
22.127868852459017
22.111475409836064
22.127868852459017
22.17377049180328
22.22622950819672
22.25245901639344
22.2655737704918
\
22.481967213114753
22.439344262295084
22.41967213114754
22.41967213114754
22.4
22.35737704918033
22.318032786885247
22.2655737704918
22.249180327868853
22.22622950819672
22.15081967213115
22.042622950819673
21.963934426229507
21.878688524590164
21.80327868852459
21.750819672131147
21.872131147540983
22.15081967213115
22.127868852459017
22.101639344262296
22.137704918032785
22.17704918032787
22.22622950819672
22.25901639344262
22.275409836065574
\
22.498360655737706
22.439344262295084
22.432786885245903
22.432786885245903
22.42622950819672
22.380327868852458
22.37049180327869
22.334426229508196
22.314754098360655
22.2655737704918
22.2
22.108196721311476
22.00327868852459
21.878688524590164
21.7672131147541
21.750819672131147
21.86229508196721
22.140983606557377
22.127868852459017
22.101639344262296
22.137704918032785
22.18360655737705
22.242622950819673
22.2655737704918
22.321311475409836
\
22.504918032786886
22.465573770491805
22.459016393442624
22.465573770491805
22.439344262295084
22.41311475409836
22.380327868852458
22.360655737704917
22.354098360655737
22.334426229508196
22.25901639344262
22.17377049180328
22.091803278688523
21.96065573770492
21.79016393442623
21.763934426229508
21.875409836065575
22.15081967213115
22.137704918032785
22.127868852459017
22.144262295081965
22.22622950819672
22.25245901639344
22.275409836065574
22.334426229508196
\
22.527868852459015
22.478688524590165
22.472131147540985
22.465573770491805
22.465573770491805
22.439344262295084
22.41967213114754
22.4
22.4
22.37704918032787
22.324590163934428
22.24590163934426
22.134426229508197
21.990163934426228
21.80655737704918
21.757377049180327
21.875409836065575
22.15081967213115
22.144262295081965
22.127868852459017
22.154098360655738
22.22622950819672
22.262295081967213
22.275409836065574
22.331147540983608
\
22.531147540983607
22.498360655737706
22.478688524590165
22.472131147540985
22.478688524590165
22.459016393442624
22.452459016393444
22.439344262295084
22.432786885245903
22.41311475409836
22.36393442622951
22.2655737704918
22.140983606557377
21.963934426229507
21.750819672131147
21.750819672131147
21.875409836065575
22.15081967213115
22.154098360655738
22.127868852459017
22.144262295081965
22.17049180327869
22.249180327868853
22.275409836065574
22.334426229508196
\
22.534426229508195
22.504918032786886
22.478688524590165
22.498360655737706
22.481967213114753
22.472131147540985
22.472131147540985
22.459016393442624
22.439344262295084
22.432786885245903
22.373770491803278
22.275409836065574
22.127868852459017
21.82622950819672
21.701639344262293
21.74754098360656
21.878688524590164
22.17049180327869
22.17049180327869
22.137704918032785
22.144262295081965
22.17377049180328
22.25245901639344
22.275409836065574
22.334426229508196
\
22.534426229508195
22.501639344262294
22.472131147540985
22.478688524590165
22.465573770491805
22.459016393442624
22.459016393442624
22.42295081967213
22.41967213114754
22.41311475409836
22.35737704918033
22.25901639344262
22.124590163934425
21.875409836065575
21.75409836065574
21.76065573770492
21.885245901639344
22.15737704918033
22.17049180327869
22.137704918032785
22.144262295081965
22.2
22.25245901639344
22.2655737704918
22.334426229508196
\
22.521311475409835
22.465573770491805
22.439344262295084
22.432786885245903
22.42622950819672
22.41311475409836
22.41311475409836
22.36393442622951
22.347540983606557
22.340983606557376
22.25901639344262
22.17704918032787
22.062295081967214
21.852459016393443
21.76065573770492
21.7672131147541
21.888524590163936
22.17049180327869
22.17377049180328
22.15081967213115
22.15081967213115
22.20655737704918
22.229508196721312
22.2655737704918
22.321311475409836
\
22.465573770491805
22.40655737704918
22.373770491803278
22.36393442622951
22.354098360655737
22.347540983606557
22.340983606557376
22.25245901639344
22.22622950819672
22.17704918032787
22.108196721311476
22.036065573770493
21.963934426229507
21.82622950819672
21.80327868852459
21.81639344262295
21.957377049180327
22.18688524590164
22.18688524590164
22.15737704918033
22.17049180327869
22.22622950819672
22.22622950819672
22.25901639344262
22.2655737704918
\
