24.50655737704918
24.50655737704918
24.503278688524592
24.50655737704918
24.50655737704918
24.516393442622952
24.50655737704918
24.508196721311474
24.50655737704918
24.50655737704918
24.514754098360655
24.508196721311474
24.50655737704918
24.516393442622952
24.521311475409835
24.516393442622952
24.521311475409835
24.516393442622952
24.50655737704918
24.518032786885247
24.518032786885247
\
24.5
24.501639344262294
24.501639344262294
24.503278688524592
24.503278688524592
24.50655737704918
24.504918032786886
24.508196721311474
24.508196721311474
24.5
24.501639344262294
24.5
24.498360655737706
24.504918032786886
24.508196721311474
24.508196721311474
24.508196721311474
24.503278688524592
24.498360655737706
24.503278688524592
24.503278688524592
\
24.5
24.5
24.5
24.501639344262294
24.501639344262294
24.50655737704918
24.503278688524592
24.501639344262294
24.501639344262294
24.498360655737706
24.498360655737706
24.498360655737706
24.49344262295082
24.504918032786886
24.50655737704918
24.503278688524592
24.503278688524592
24.5
24.495081967213114
24.501639344262294
24.508196721311474
\
24.501639344262294
24.504918032786886
24.503278688524592
24.503278688524592
24.503278688524592
24.508196721311474
24.50655737704918
24.504918032786886
24.503278688524592
24.5
24.504918032786886
24.504918032786886
24.498360655737706
24.50655737704918
24.514754098360655
24.508196721311474
24.508196721311474
24.50655737704918
24.501639344262294
24.508196721311474
24.508196721311474
\
24.501639344262294
24.495081967213114
24.498360655737706
24.504918032786886
24.503278688524592
24.504918032786886
24.503278688524592
24.504918032786886
24.504918032786886
24.504918032786886
24.50655737704918
24.504918032786886
24.504918032786886
24.5
24.508196721311474
24.50655737704918
24.503278688524592
24.508196721311474
24.508196721311474
24.508196721311474
24.50655737704918
24.50655737704918
24.504918032786886
24.508196721311474
24.516393442622952
\
24.5
24.49344262295082
24.498360655737706
24.503278688524592
24.501639344262294
24.503278688524592
24.501639344262294
24.503278688524592
24.503278688524592
24.503278688524592
24.504918032786886
24.50655737704918
24.50655737704918
24.5
24.508196721311474
24.516393442622952
24.50655737704918
24.50655737704918
24.518032786885247
24.516393442622952
24.516393442622952
24.518032786885247
24.508196721311474
24.516393442622952
24.518032786885247
\
24.498360655737706
24.491803278688526
24.498360655737706
24.503278688524592
24.501639344262294
24.504918032786886
24.504918032786886
24.504918032786886
24.50655737704918
24.508196721311474
24.50655737704918
24.508196721311474
24.50655737704918
24.50655737704918
24.518032786885247
24.51967213114754
24.516393442622952
24.51967213114754
24.51967213114754
24.51967213114754
24.52622950819672
24.52622950819672
24.516393442622952
24.51967213114754
24.52622950819672
\
24.508196721311474
24.498360655737706
24.503278688524592
24.508196721311474
24.50655737704918
24.508196721311474
24.50655737704918
24.50655737704918
24.50655737704918
24.516393442622952
24.516393442622952
24.518032786885247
24.51967213114754
24.516393442622952
24.52622950819672
24.52622950819672
24.518032786885247
24.51967213114754
24.521311475409835
24.521311475409835
24.52622950819672
24.52622950819672
24.516393442622952
24.51967213114754
24.51967213114754
\
24.50655737704918
24.498360655737706
24.504918032786886
24.50655737704918
24.514754098360655
24.508196721311474
24.50655737704918
24.516393442622952
24.514754098360655
24.516393442622952
24.516393442622952
24.518032786885247
24.521311475409835
24.516393442622952
24.52622950819672
24.524590163934427
24.518032786885247
24.51967213114754
24.521311475409835
24.521311475409835
24.521311475409835
24.518032786885247
24.50655737704918
24.518032786885247
24.52622950819672
\
24.50655737704918
24.498360655737706
24.503278688524592
24.514754098360655
24.508196721311474
24.508196721311474
24.50655737704918
24.50655737704918
24.508196721311474
24.516393442622952
24.516393442622952
24.518032786885247
24.518032786885247
24.50655737704918
24.51967213114754
24.51967213114754
24.518032786885247
24.518032786885247
24.518032786885247
24.518032786885247
24.521311475409835
24.51967213114754
24.516393442622952
24.521311475409835
24.52622950819672
\
24.504918032786886
24.495081967213114
24.498360655737706
24.508196721311474
24.504918032786886
24.508196721311474
24.50655737704918
24.50655737704918
24.508196721311474
24.516393442622952
24.516393442622952
24.518032786885247
24.516393442622952
24.50655737704918
24.518032786885247
24.51967213114754
24.516393442622952
24.51967213114754
24.518032786885247
24.518032786885247
24.518032786885247
24.51967213114754
24.516393442622952
24.518032786885247
24.521311475409835
\
24.508196721311474
24.498360655737706
24.5
24.508196721311474
24.503278688524592
24.503278688524592
24.50655737704918
24.516393442622952
24.50655737704918
24.518032786885247
24.51967213114754
24.51967213114754
24.516393442622952
24.516393442622952
24.521311475409835
24.51967213114754
24.516393442622952
24.51967213114754
24.521311475409835
24.518032786885247
24.521311475409835
24.51967213114754
24.518032786885247
24.51967213114754
24.52622950819672
\
24.50655737704918
24.501639344262294
24.501639344262294
24.50655737704918
24.50655737704918
24.508196721311474
24.50655737704918
24.518032786885247
24.516393442622952
24.52622950819672
24.52622950819672
24.52622950819672
24.52622950819672
24.521311475409835
24.52622950819672
24.52622950819672
24.51967213114754
24.524590163934427
24.52622950819672
24.52622950819672
24.52622950819672
24.52622950819672
24.51967213114754
24.521311475409835
24.521311475409835
\
24.50655737704918
24.501639344262294
24.503278688524592
24.508196721311474
24.50655737704918
24.50655737704918
24.50655737704918
24.51967213114754
24.51967213114754
24.52622950819672
24.52622950819672
24.537704918032787
24.52622950819672
24.52622950819672
24.52622950819672
24.52622950819672
24.518032786885247
24.52622950819672
24.52622950819672
24.52622950819672
24.537704918032787
24.52622950819672
24.51967213114754
24.521311475409835
24.52622950819672
\
24.516393442622952
24.5
24.501639344262294
24.50655737704918
24.50655737704918
24.50655737704918
24.50655737704918
24.516393442622952
24.518032786885247
24.521311475409835
24.52622950819672
24.52622950819672
24.52622950819672
24.521311475409835
24.52622950819672
24.52622950819672
24.518032786885247
24.52622950819672
24.52622950819672
24.52622950819672
24.52622950819672
24.52622950819672
24.518032786885247
24.521311475409835
24.51967213114754
\
24.516393442622952
24.50655737704918
24.50655737704918
24.516393442622952
24.50655737704918
24.508196721311474
24.508196721311474
24.518032786885247
24.518032786885247
24.52622950819672
24.52622950819672
24.52622950819672
24.52622950819672
24.521311475409835
24.52622950819672
24.52622950819672
24.521311475409835
24.52622950819672
24.52622950819672
24.521311475409835
24.521311475409835
24.521311475409835
24.518032786885247
24.51967213114754
24.51967213114754
\
