24.527868852459015
24.540983606557376
24.537704918032787
24.53934426229508
24.537704918032787
24.542622950819673
24.536065573770493
24.534426229508195
24.52622950819672
24.51967213114754
24.524590163934427
24.52622950819672
24.5327868852459
24.5327868852459
24.524590163934427
24.524590163934427
24.529508196721313
24.534426229508195
24.5327868852459
24.529508196721313
24.536065573770493
\
24.521311475409835
24.536065573770493
24.529508196721313
24.536065573770493
24.536065573770493
24.534426229508195
24.534426229508195
24.529508196721313
24.51967213114754
24.518032786885247
24.51967213114754
24.521311475409835
24.524590163934427
24.52622950819672
24.521311475409835
24.518032786885247
24.518032786885247
24.524590163934427
24.524590163934427
24.521311475409835
24.524590163934427
\
24.524590163934427
24.534426229508195
24.529508196721313
24.536065573770493
24.5327868852459
24.5327868852459
24.529508196721313
24.527868852459015
24.518032786885247
24.514754098360655
24.518032786885247
24.518032786885247
24.524590163934427
24.51967213114754
24.514754098360655
24.503278688524592
24.503278688524592
24.51967213114754
24.518032786885247
24.514754098360655
24.51311475409836
\
24.524590163934427
24.5327868852459
24.529508196721313
24.534426229508195
24.529508196721313
24.5327868852459
24.5327868852459
24.529508196721313
24.518032786885247
24.51311475409836
24.518032786885247
24.514754098360655
24.51967213114754
24.51967213114754
24.51967213114754
24.503278688524592
24.503278688524592
24.514754098360655
24.514754098360655
24.503278688524592
24.51311475409836
\
24.53934426229508
24.524590163934427
24.51311475409836
24.51967213114754
24.52622950819672
24.540983606557376
24.5327868852459
24.536065573770493
24.5327868852459
24.534426229508195
24.529508196721313
24.527868852459015
24.51967213114754
24.51311475409836
24.518032786885247
24.514754098360655
24.518032786885247
24.51967213114754
24.518032786885247
24.511475409836066
24.514754098360655
24.514754098360655
24.514754098360655
24.503278688524592
24.514754098360655
\
24.536065573770493
24.52622950819672
24.518032786885247
24.524590163934427
24.529508196721313
24.542622950819673
24.5327868852459
24.536065573770493
24.529508196721313
24.5327868852459
24.5327868852459
24.529508196721313
24.51967213114754
24.511475409836066
24.51311475409836
24.511475409836066
24.514754098360655
24.514754098360655
24.514754098360655
24.511475409836066
24.51311475409836
24.51311475409836
24.514754098360655
24.503278688524592
24.518032786885247
\
24.534426229508195
24.524590163934427
24.51967213114754
24.521311475409835
24.527868852459015
24.540983606557376
24.527868852459015
24.5327868852459
24.529508196721313
24.534426229508195
24.529508196721313
24.524590163934427
24.514754098360655
24.511475409836066
24.511475409836066
24.511475409836066
24.51311475409836
24.51311475409836
24.51311475409836
24.503278688524592
24.511475409836066
24.514754098360655
24.514754098360655
24.503278688524592
24.511475409836066
\
24.536065573770493
24.529508196721313
24.521311475409835
24.529508196721313
24.534426229508195
24.542622950819673
24.5327868852459
24.529508196721313
24.529508196721313
24.534426229508195
24.534426229508195
24.524590163934427
24.518032786885247
24.511475409836066
24.514754098360655
24.514754098360655
24.514754098360655
24.514754098360655
24.514754098360655
24.514754098360655
24.51311475409836
24.51311475409836
24.51311475409836
24.503278688524592
24.518032786885247
\
24.536065573770493
24.52622950819672
24.521311475409835
24.524590163934427
24.534426229508195
24.537704918032787
24.529508196721313
24.527868852459015
24.529508196721313
24.534426229508195
24.529508196721313
24.521311475409835
24.518032786885247
24.511475409836066
24.51311475409836
24.51311475409836
24.514754098360655
24.51311475409836
24.514754098360655
24.51311475409836
24.503278688524592
24.514754098360655
24.51311475409836
24.503278688524592
24.514754098360655
\
24.536065573770493
24.527868852459015
24.524590163934427
24.527868852459015
24.529508196721313
24.536065573770493
24.534426229508195
24.5327868852459
24.5327868852459
24.529508196721313
24.529508196721313
24.52622950819672
24.524590163934427
24.51967213114754
24.514754098360655
24.514754098360655
24.51967213114754
24.514754098360655
24.518032786885247
24.51311475409836
24.511475409836066
24.518032786885247
24.511475409836066
24.518032786885247
24.518032786885247
\
24.5327868852459
24.524590163934427
24.524590163934427
24.52622950819672
24.5327868852459
24.537704918032787
24.529508196721313
24.534426229508195
24.527868852459015
24.529508196721313
24.529508196721313
24.52622950819672
24.521311475409835
24.521311475409835
24.524590163934427
24.51967213114754
24.524590163934427
24.51311475409836
24.51311475409836
24.511475409836066
24.51311475409836
24.51311475409836
24.511475409836066
24.51311475409836
24.514754098360655
\
24.534426229508195
24.524590163934427
24.52622950819672
24.524590163934427
24.5327868852459
24.537704918032787
24.529508196721313
24.529508196721313
24.531147540983607
24.529508196721313
24.534426229508195
24.5327868852459
24.529508196721313
24.527868852459015
24.5327868852459
24.529508196721313
24.531147540983607
24.51967213114754
24.51311475409836
24.511475409836066
24.503278688524592
24.51311475409836
24.514754098360655
24.514754098360655
24.518032786885247
\
24.534426229508195
24.524590163934427
24.529508196721313
24.529508196721313
24.5327868852459
24.540983606557376
24.527868852459015
24.529508196721313
24.5327868852459
24.5327868852459
24.536065573770493
24.536065573770493
24.534426229508195
24.534426229508195
24.534426229508195
24.5327868852459
24.5327868852459
24.521311475409835
24.511475409836066
24.511475409836066
24.503278688524592
24.51311475409836
24.51311475409836
24.511475409836066
24.514754098360655
\
24.529508196721313
24.524590163934427
24.524590163934427
24.52622950819672
24.529508196721313
24.536065573770493
24.52622950819672
24.52622950819672
24.529508196721313
24.534426229508195
24.534426229508195
24.534426229508195
24.529508196721313
24.529508196721313
24.529508196721313
24.52622950819672
24.52622950819672
24.514754098360655
24.511475409836066
24.511475409836066
24.503278688524592
24.51311475409836
24.51311475409836
24.511475409836066
24.511475409836066
\
24.529508196721313
24.52622950819672
24.52622950819672
24.52622950819672
24.529508196721313
24.536065573770493
24.527868852459015
24.5327868852459
24.5327868852459
24.534426229508195
24.534426229508195
24.534426229508195
24.529508196721313
24.527868852459015
24.529508196721313
24.521311475409835
24.527868852459015
24.518032786885247
24.518032786885247
24.51311475409836
24.503278688524592
24.518032786885247
24.51311475409836
24.518032786885247
24.518032786885247
\
24.529508196721313
24.51967213114754
24.524590163934427
24.521311475409835
24.52622950819672
24.5327868852459
24.524590163934427
24.52622950819672
24.529508196721313
24.534426229508195
24.527868852459015
24.531147540983607
24.524590163934427
24.521311475409835
24.521311475409835
24.51967213114754
24.51967213114754
24.514754098360655
24.51311475409836
24.503278688524592
24.503278688524592
24.511475409836066
24.51311475409836
24.511475409836066
24.511475409836066
\
