24.508196721311474
24.518032786885247
24.508196721311474
24.50655737704918
24.518032786885247
24.518032786885247
24.518032786885247
24.524590163934427
24.521311475409835
24.521311475409835
24.521311475409835
24.524590163934427
24.524590163934427
24.524590163934427
24.527868852459015
24.521311475409835
24.518032786885247
24.524590163934427
24.518032786885247
24.524590163934427
24.524590163934427
\
24.503278688524592
24.504918032786886
24.501639344262294
24.5
24.50655737704918
24.508196721311474
24.509836065573772
24.509836065573772
24.509836065573772
24.508196721311474
24.508196721311474
24.521311475409835
24.508196721311474
24.518032786885247
24.524590163934427
24.521311475409835
24.508196721311474
24.518032786885247
24.508196721311474
24.518032786885247
24.508196721311474
\
24.509836065573772
24.50655737704918
24.503278688524592
24.50655737704918
24.508196721311474
24.509836065573772
24.518032786885247
24.518032786885247
24.509836065573772
24.509836065573772
24.518032786885247
24.509836065573772
24.518032786885247
24.518032786885247
24.522950819672133
24.521311475409835
24.518032786885247
24.521311475409835
24.508196721311474
24.522950819672133
24.521311475409835
\
24.509836065573772
24.508196721311474
24.504918032786886
24.504918032786886
24.518032786885247
24.521311475409835
24.522950819672133
24.521311475409835
24.518032786885247
24.521311475409835
24.518032786885247
24.508196721311474
24.509836065573772
24.518032786885247
24.518032786885247
24.518032786885247
24.518032786885247
24.521311475409835
24.509836065573772
24.521311475409835
24.524590163934427
\
24.508196721311474
24.503278688524592
24.508196721311474
24.508196721311474
24.508196721311474
24.50655737704918
24.504918032786886
24.504918032786886
24.508196721311474
24.521311475409835
24.518032786885247
24.521311475409835
24.521311475409835
24.521311475409835
24.524590163934427
24.518032786885247
24.509836065573772
24.508196721311474
24.509836065573772
24.508196721311474
24.518032786885247
24.521311475409835
24.508196721311474
24.521311475409835
24.521311475409835
\
24.508196721311474
24.504918032786886
24.509836065573772
24.508196721311474
24.51311475409836
24.504918032786886
24.508196721311474
24.504918032786886
24.518032786885247
24.521311475409835
24.521311475409835
24.524590163934427
24.521311475409835
24.521311475409835
24.521311475409835
24.518032786885247
24.508196721311474
24.508196721311474
24.518032786885247
24.508196721311474
24.518032786885247
24.524590163934427
24.518032786885247
24.521311475409835
24.524590163934427
\
24.508196721311474
24.508196721311474
24.509836065573772
24.508196721311474
24.508196721311474
24.504918032786886
24.508196721311474
24.508196721311474
24.521311475409835
24.524590163934427
24.521311475409835
24.524590163934427
24.521311475409835
24.518032786885247
24.518032786885247
24.518032786885247
24.508196721311474
24.518032786885247
24.521311475409835
24.509836065573772
24.521311475409835
24.524590163934427
24.521311475409835
24.521311475409835
24.521311475409835
\
24.518032786885247
24.508196721311474
24.509836065573772
24.508196721311474
24.509836065573772
24.50655737704918
24.508196721311474
24.508196721311474
24.524590163934427
24.524590163934427
24.524590163934427
24.524590163934427
24.522950819672133
24.518032786885247
24.521311475409835
24.521311475409835
24.518032786885247
24.521311475409835
24.521311475409835
24.518032786885247
24.521311475409835
24.524590163934427
24.518032786885247
24.521311475409835
24.524590163934427
\
24.508196721311474
24.50655737704918
24.508196721311474
24.508196721311474
24.508196721311474
24.504918032786886
24.508196721311474
24.508196721311474
24.524590163934427
24.524590163934427
24.521311475409835
24.521311475409835
24.509836065573772
24.508196721311474
24.508196721311474
24.508196721311474
24.508196721311474
24.518032786885247
24.521311475409835
24.521311475409835
24.521311475409835
24.524590163934427
24.508196721311474
24.521311475409835
24.524590163934427
\
24.508196721311474
24.50655737704918
24.508196721311474
24.508196721311474
24.508196721311474
24.508196721311474
24.509836065573772
24.508196721311474
24.521311475409835
24.521311475409835
24.521311475409835
24.524590163934427
24.524590163934427
24.521311475409835
24.508196721311474
24.509836065573772
24.508196721311474
24.521311475409835
24.522950819672133
24.521311475409835
24.524590163934427
24.524590163934427
24.50655737704918
24.518032786885247
24.524590163934427
\
24.508196721311474
24.504918032786886
24.509836065573772
24.509836065573772
24.509836065573772
24.509836065573772
24.518032786885247
24.509836065573772
24.521311475409835
24.524590163934427
24.524590163934427
24.524590163934427
24.524590163934427
24.527868852459015
24.524590163934427
24.524590163934427
24.518032786885247
24.521311475409835
24.524590163934427
24.524590163934427
24.524590163934427
24.524590163934427
24.508196721311474
24.509836065573772
24.521311475409835
\
24.509836065573772
24.50655737704918
24.508196721311474
24.508196721311474
24.508196721311474
24.508196721311474
24.521311475409835
24.518032786885247
24.524590163934427
24.524590163934427
24.524590163934427
24.527868852459015
24.527868852459015
24.531147540983607
24.527868852459015
24.527868852459015
24.524590163934427
24.521311475409835
24.524590163934427
24.518032786885247
24.521311475409835
24.524590163934427
24.509836065573772
24.521311475409835
24.524590163934427
\
24.508196721311474
24.504918032786886
24.508196721311474
24.508196721311474
24.508196721311474
24.508196721311474
24.521311475409835
24.521311475409835
24.521311475409835
24.524590163934427
24.524590163934427
24.527868852459015
24.531147540983607
24.531147540983607
24.527868852459015
24.527868852459015
24.524590163934427
24.527868852459015
24.524590163934427
24.524590163934427
24.524590163934427
24.521311475409835
24.521311475409835
24.524590163934427
24.524590163934427
\
24.508196721311474
24.503278688524592
24.508196721311474
24.508196721311474
24.508196721311474
24.509836065573772
24.521311475409835
24.521311475409835
24.524590163934427
24.527868852459015
24.527868852459015
24.531147540983607
24.529508196721313
24.527868852459015
24.527868852459015
24.527868852459015
24.524590163934427
24.524590163934427
24.524590163934427
24.527868852459015
24.524590163934427
24.524590163934427
24.521311475409835
24.527868852459015
24.524590163934427
\
24.508196721311474
24.501639344262294
24.508196721311474
24.504918032786886
24.508196721311474
24.518032786885247
24.521311475409835
24.521311475409835
24.524590163934427
24.527868852459015
24.527868852459015
24.527868852459015
24.527868852459015
24.527868852459015
24.527868852459015
24.524590163934427
24.521311475409835
24.524590163934427
24.524590163934427
24.527868852459015
24.524590163934427
24.527868852459015
24.521311475409835
24.527868852459015
24.524590163934427
\
24.508196721311474
24.503278688524592
24.509836065573772
24.504918032786886
24.509836065573772
24.518032786885247
24.521311475409835
24.521311475409835
24.527868852459015
24.527868852459015
24.527868852459015
24.527868852459015
24.531147540983607
24.527868852459015
24.527868852459015
24.524590163934427
24.521311475409835
24.524590163934427
24.524590163934427
24.527868852459015
24.527868852459015
24.531147540983607
24.524590163934427
24.527868852459015
24.524590163934427
\
