25.51967213114754
25.514754098360655
25.52622950819672
25.52622950819672
25.529508196721313
25.51967213114754
25.52622950819672
25.51967213114754
25.51967213114754
25.521311475409835
25.522950819672133
25.509836065573772
25.509836065573772
25.522950819672133
25.51967213114754
25.518032786885247
25.521311475409835
25.52622950819672
25.522950819672133
25.52622950819672
25.529508196721313
\
25.518032786885247
25.509836065573772
25.518032786885247
25.51967213114754
25.51967213114754
25.514754098360655
25.51311475409836
25.511475409836066
25.51311475409836
25.518032786885247
25.514754098360655
25.509836065573772
25.511475409836066
25.522950819672133
25.521311475409835
25.52622950819672
25.522950819672133
25.522950819672133
25.514754098360655
25.511475409836066
25.514754098360655
\
25.516393442622952
25.508196721311474
25.509836065573772
25.518032786885247
25.522950819672133
25.51311475409836
25.514754098360655
25.511475409836066
25.514754098360655
25.518032786885247
25.514754098360655
25.509836065573772
25.51311475409836
25.522950819672133
25.516393442622952
25.51967213114754
25.52622950819672
25.522950819672133
25.50655737704918
25.501639344262294
25.504918032786886
\
25.51967213114754
25.508196721311474
25.508196721311474
25.514754098360655
25.51311475409836
25.511475409836066
25.51311475409836
25.51311475409836
25.514754098360655
25.516393442622952
25.514754098360655
25.509836065573772
25.514754098360655
25.51967213114754
25.518032786885247
25.518032786885247
25.522950819672133
25.522950819672133
25.50655737704918
25.5
25.504918032786886
\
25.503278688524592
25.5
25.508196721311474
25.51311475409836
25.516393442622952
25.508196721311474
25.508196721311474
25.518032786885247
25.51967213114754
25.518032786885247
25.514754098360655
25.516393442622952
25.52622950819672
25.522950819672133
25.522950819672133
25.51311475409836
25.514754098360655
25.522950819672133
25.514754098360655
25.514754098360655
25.522950819672133
25.51967213114754
25.504918032786886
25.498360655737706
25.514754098360655
\
25.503278688524592
25.495081967213114
25.5
25.50655737704918
25.51311475409836
25.50655737704918
25.509836065573772
25.51311475409836
25.51967213114754
25.514754098360655
25.514754098360655
25.51967213114754
25.521311475409835
25.521311475409835
25.522950819672133
25.511475409836066
25.51311475409836
25.518032786885247
25.511475409836066
25.51311475409836
25.514754098360655
25.514754098360655
25.50655737704918
25.504918032786886
25.516393442622952
\
25.501639344262294
25.49344262295082
25.501639344262294
25.504918032786886
25.511475409836066
25.501639344262294
25.508196721311474
25.509836065573772
25.511475409836066
25.51967213114754
25.514754098360655
25.514754098360655
25.518032786885247
25.522950819672133
25.522950819672133
25.51311475409836
25.516393442622952
25.516393442622952
25.509836065573772
25.508196721311474
25.511475409836066
25.51967213114754
25.511475409836066
25.501639344262294
25.514754098360655
\
25.503278688524592
25.49344262295082
25.498360655737706
25.504918032786886
25.51311475409836
25.501639344262294
25.501639344262294
25.508196721311474
25.508196721311474
25.514754098360655
25.514754098360655
25.514754098360655
25.518032786885247
25.521311475409835
25.51967213114754
25.51967213114754
25.518032786885247
25.51967213114754
25.509836065573772
25.509836065573772
25.51311475409836
25.522950819672133
25.514754098360655
25.508196721311474
25.518032786885247
\
25.503278688524592
25.495081967213114
25.501639344262294
25.508196721311474
25.508196721311474
25.501639344262294
25.501639344262294
25.50655737704918
25.509836065573772
25.508196721311474
25.514754098360655
25.509836065573772
25.51311475409836
25.518032786885247
25.51967213114754
25.514754098360655
25.514754098360655
25.508196721311474
25.50655737704918
25.501639344262294
25.50655737704918
25.521311475409835
25.511475409836066
25.504918032786886
25.518032786885247
\
25.501639344262294
25.49344262295082
25.503278688524592
25.504918032786886
25.508196721311474
25.504918032786886
25.501639344262294
25.504918032786886
25.50655737704918
25.50655737704918
25.51311475409836
25.504918032786886
25.50655737704918
25.509836065573772
25.509836065573772
25.508196721311474
25.511475409836066
25.50655737704918
25.5
25.5
25.5
25.516393442622952
25.51311475409836
25.50655737704918
25.514754098360655
\
25.501639344262294
25.495081967213114
25.503278688524592
25.509836065573772
25.508196721311474
25.508196721311474
25.503278688524592
25.503278688524592
25.508196721311474
25.50655737704918
25.514754098360655
25.50655737704918
25.504918032786886
25.508196721311474
25.508196721311474
25.509836065573772
25.51311475409836
25.51311475409836
25.50655737704918
25.5
25.504918032786886
25.514754098360655
25.518032786885247
25.504918032786886
25.514754098360655
\
25.503278688524592
25.498360655737706
25.498360655737706
25.504918032786886
25.509836065573772
25.508196721311474
25.501639344262294
25.508196721311474
25.508196721311474
25.50655737704918
25.509836065573772
25.508196721311474
25.503278688524592
25.50655737704918
25.503278688524592
25.508196721311474
25.51311475409836
25.509836065573772
25.50655737704918
25.5
25.503278688524592
25.509836065573772
25.51311475409836
25.50655737704918
25.51311475409836
\
25.508196721311474
25.495081967213114
25.503278688524592
25.509836065573772
25.509836065573772
25.508196721311474
25.50655737704918
25.51311475409836
25.51311475409836
25.514754098360655
25.511475409836066
25.511475409836066
25.514754098360655
25.514754098360655
25.514754098360655
25.518032786885247
25.516393442622952
25.511475409836066
25.50655737704918
25.50655737704918
25.50655737704918
25.514754098360655
25.508196721311474
25.501639344262294
25.516393442622952
\
25.50655737704918
25.495081967213114
25.503278688524592
25.508196721311474
25.508196721311474
25.509836065573772
25.50655737704918
25.514754098360655
25.518032786885247
25.51311475409836
25.514754098360655
25.509836065573772
25.514754098360655
25.509836065573772
25.511475409836066
25.509836065573772
25.514754098360655
25.509836065573772
25.508196721311474
25.504918032786886
25.51311475409836
25.51967213114754
25.508196721311474
25.501639344262294
25.51311475409836
\
25.50655737704918
25.498360655737706
25.503278688524592
25.508196721311474
25.511475409836066
25.508196721311474
25.503278688524592
25.51311475409836
25.516393442622952
25.509836065573772
25.514754098360655
25.514754098360655
25.511475409836066
25.509836065573772
25.509836065573772
25.509836065573772
25.514754098360655
25.509836065573772
25.503278688524592
25.504918032786886
25.50655737704918
25.509836065573772
25.503278688524592
25.503278688524592
25.51311475409836
\
25.50655737704918
25.5
25.504918032786886
25.508196721311474
25.508196721311474
25.508196721311474
25.50655737704918
25.514754098360655
25.514754098360655
25.504918032786886
25.509836065573772
25.50655737704918
25.508196721311474
25.508196721311474
25.51311475409836
25.509836065573772
25.51311475409836
25.50655737704918
25.504918032786886
25.50655737704918
25.50655737704918
25.509836065573772
25.5
25.5
25.508196721311474
\
