25.447540983606558
25.447540983606558
25.449180327868852
25.45409836065574
25.447540983606558
25.447540983606558
25.447540983606558
25.449180327868852
25.447540983606558
25.447540983606558
25.449180327868852
25.45409836065574
25.449180327868852
25.47377049180328
25.449180327868852
25.447540983606558
25.47377049180328
25.447540983606558
25.45409836065574
25.45409836065574
25.475409836065573
\
25.447540983606558
25.447540983606558
25.449180327868852
25.449180327868852
25.447540983606558
25.447540983606558
25.449180327868852
25.447540983606558
25.447540983606558
25.447540983606558
25.449180327868852
25.45409836065574
25.45409836065574
25.45409836065574
25.475409836065573
25.449180327868852
25.475409836065573
25.47377049180328
25.45409836065574
25.45409836065574
25.449180327868852
\
25.447540983606558
25.45409836065574
25.475409836065573
25.45409836065574
25.45409836065574
25.47377049180328
25.475409836065573
25.45409836065574
25.449180327868852
25.45409836065574
25.45409836065574
25.45409836065574
25.45409836065574
25.478688524590165
25.475409836065573
25.475409836065573
25.477049180327867
25.47377049180328
25.45409836065574
25.47377049180328
25.449180327868852
\
25.447540983606558
25.475409836065573
25.478688524590165
25.475409836065573
25.45409836065574
25.45409836065574
25.45409836065574
25.475409836065573
25.45409836065574
25.45409836065574
25.475409836065573
25.475409836065573
25.477049180327867
25.478688524590165
25.45409836065574
25.45409836065574
25.478688524590165
25.45409836065574
25.475409836065573
25.475409836065573
25.45409836065574
\
25.45409836065574
25.447540983606558
25.45409836065574
25.475409836065573
25.45409836065574
25.45409836065574
25.477049180327867
25.45409836065574
25.45409836065574
25.45409836065574
25.477049180327867
25.45409836065574
25.45409836065574
25.45409836065574
25.45409836065574
25.475409836065573
25.45409836065574
25.477049180327867
25.45409836065574
25.475409836065573
25.477049180327867
25.47377049180328
25.45409836065574
25.45409836065574
25.45409836065574
\
25.475409836065573
25.449180327868852
25.475409836065573
25.477049180327867
25.45409836065574
25.477049180327867
25.478688524590165
25.477049180327867
25.475409836065573
25.475409836065573
25.477049180327867
25.477049180327867
25.45409836065574
25.45409836065574
25.45409836065574
25.45409836065574
25.45409836065574
25.45409836065574
25.475409836065573
25.45409836065574
25.475409836065573
25.45409836065574
25.45409836065574
25.45409836065574
25.45409836065574
\
25.475409836065573
25.45409836065574
25.45409836065574
25.45409836065574
25.45409836065574
25.477049180327867
25.478688524590165
25.478688524590165
25.45409836065574
25.475409836065573
25.477049180327867
25.477049180327867
25.45409836065574
25.45409836065574
25.45409836065574
25.45409836065574
25.477049180327867
25.45409836065574
25.45409836065574
25.45409836065574
25.45409836065574
25.45409836065574
25.475409836065573
25.45409836065574
25.449180327868852
\
25.475409836065573
25.45409836065574
25.477049180327867
25.478688524590165
25.45409836065574
25.478688524590165
25.48032786885246
25.478688524590165
25.478688524590165
25.45409836065574
25.481967213114753
25.45409836065574
25.45409836065574
25.45409836065574
25.45409836065574
25.45409836065574
25.478688524590165
25.477049180327867
25.45409836065574
25.45409836065574
25.477049180327867
25.47377049180328
25.45409836065574
25.475409836065573
25.45409836065574
\
25.475409836065573
25.45409836065574
25.478688524590165
25.478688524590165
25.477049180327867
25.48032786885246
25.48032786885246
25.481967213114753
25.478688524590165
25.45409836065574
25.477049180327867
25.45409836065574
25.47377049180328
25.475409836065573
25.475409836065573
25.475409836065573
25.45409836065574
25.45409836065574
25.45409836065574
25.475409836065573
25.475409836065573
25.45409836065574
25.45409836065574
25.475409836065573
25.447540983606558
\
25.45409836065574
25.45409836065574
25.477049180327867
25.478688524590165
25.45409836065574
25.477049180327867
25.48032786885246
25.478688524590165
25.478688524590165
25.45409836065574
25.45409836065574
25.45409836065574
25.45409836065574
25.45409836065574
25.45409836065574
25.45409836065574
25.45409836065574
25.45409836065574
25.45409836065574
25.45409836065574
25.477049180327867
25.45409836065574
25.477049180327867
25.45409836065574
25.447540983606558
\
25.477049180327867
25.45409836065574
25.478688524590165
25.478688524590165
25.45409836065574
25.478688524590165
25.48032786885246
25.481967213114753
25.477049180327867
25.478688524590165
25.478688524590165
25.45409836065574
25.45409836065574
25.45409836065574
25.45409836065574
25.45409836065574
25.45409836065574
25.477049180327867
25.45409836065574
25.45409836065574
25.477049180327867
25.45409836065574
25.45409836065574
25.45409836065574
25.449180327868852
\
25.45409836065574
25.45409836065574
25.478688524590165
25.478688524590165
25.45409836065574
25.48032786885246
25.481967213114753
25.481967213114753
25.478688524590165
25.478688524590165
25.48032786885246
25.45409836065574
25.45409836065574
25.475409836065573
25.475409836065573
25.45409836065574
25.45409836065574
25.477049180327867
25.45409836065574
25.45409836065574
25.45409836065574
25.45409836065574
25.477049180327867
25.477049180327867
25.475409836065573
\
25.45409836065574
25.45409836065574
25.478688524590165
25.478688524590165
25.475409836065573
25.478688524590165
25.478688524590165
25.48032786885246
25.478688524590165
25.478688524590165
25.481967213114753
25.48032786885246
25.475409836065573
25.478688524590165
25.45409836065574
25.45409836065574
25.45409836065574
25.477049180327867
25.475409836065573
25.45409836065574
25.45409836065574
25.45409836065574
25.45409836065574
25.45409836065574
25.477049180327867
\
25.477049180327867
25.475409836065573
25.478688524590165
25.478688524590165
25.475409836065573
25.478688524590165
25.48032786885246
25.48032786885246
25.478688524590165
25.478688524590165
25.481967213114753
25.481967213114753
25.481967213114753
25.481967213114753
25.478688524590165
25.477049180327867
25.478688524590165
25.478688524590165
25.475409836065573
25.477049180327867
25.478688524590165
25.45409836065574
25.478688524590165
25.48032786885246
25.478688524590165
\
25.478688524590165
25.45409836065574
25.478688524590165
25.478688524590165
25.475409836065573
25.478688524590165
25.477049180327867
25.48032786885246
25.478688524590165
25.477049180327867
25.48032786885246
25.481967213114753
25.478688524590165
25.481967213114753
25.48032786885246
25.478688524590165
25.48032786885246
25.478688524590165
25.45409836065574
25.45409836065574
25.477049180327867
25.45409836065574
25.48032786885246
25.478688524590165
25.478688524590165
\
25.48032786885246
25.477049180327867
25.478688524590165
25.478688524590165
25.475409836065573
25.478688524590165
25.478688524590165
25.48032786885246
25.45409836065574
25.475409836065573
25.48032786885246
25.481967213114753
25.478688524590165
25.48032786885246
25.478688524590165
25.478688524590165
25.48032786885246
25.481967213114753
25.48032786885246
25.478688524590165
25.481967213114753
25.45409836065574
25.481967213114753
25.481967213114753
25.481967213114753
\
