24.511475409836066
24.509836065573772
24.508196721311474
24.508196721311474
24.501639344262294
24.508196721311474
24.508196721311474
24.514754098360655
24.511475409836066
24.504918032786886
24.501639344262294
24.50655737704918
24.504918032786886
24.509836065573772
24.504918032786886
24.511475409836066
24.504918032786886
24.51311475409836
24.501639344262294
24.509836065573772
24.508196721311474
\
24.501639344262294
24.501639344262294
24.501639344262294
24.501639344262294
24.5
24.5
24.5
24.504918032786886
24.50655737704918
24.501639344262294
24.498360655737706
24.504918032786886
24.495081967213114
24.501639344262294
24.5
24.504918032786886
24.5
24.501639344262294
24.5
24.501639344262294
24.5
\
24.501639344262294
24.504918032786886
24.501639344262294
24.501639344262294
24.498360655737706
24.501639344262294
24.501639344262294
24.5
24.501639344262294
24.5
24.495081967213114
24.504918032786886
24.5
24.5
24.495081967213114
24.5
24.5
24.504918032786886
24.498360655737706
24.501639344262294
24.501639344262294
\
24.51311475409836
24.508196721311474
24.501639344262294
24.5
24.5
24.504918032786886
24.504918032786886
24.508196721311474
24.511475409836066
24.501639344262294
24.501639344262294
24.508196721311474
24.501639344262294
24.501639344262294
24.501639344262294
24.5
24.498360655737706
24.504918032786886
24.49672131147541
24.501639344262294
24.5
\
24.501639344262294
24.49672131147541
24.501639344262294
24.511475409836066
24.509836065573772
24.514754098360655
24.501639344262294
24.501639344262294
24.504918032786886
24.508196721311474
24.504918032786886
24.509836065573772
24.514754098360655
24.508196721311474
24.504918032786886
24.508196721311474
24.504918032786886
24.504918032786886
24.501639344262294
24.501639344262294
24.501639344262294
24.50655737704918
24.495081967213114
24.5
24.5
\
24.501639344262294
24.5
24.50655737704918
24.509836065573772
24.51311475409836
24.514754098360655
24.508196721311474
24.501639344262294
24.504918032786886
24.509836065573772
24.509836065573772
24.51311475409836
24.516393442622952
24.50655737704918
24.5
24.501639344262294
24.508196721311474
24.501639344262294
24.501639344262294
24.501639344262294
24.501639344262294
24.504918032786886
24.49672131147541
24.5
24.501639344262294
\
24.504918032786886
24.504918032786886
24.51311475409836
24.514754098360655
24.51311475409836
24.514754098360655
24.508196721311474
24.50655737704918
24.508196721311474
24.514754098360655
24.516393442622952
24.516393442622952
24.514754098360655
24.50655737704918
24.501639344262294
24.50655737704918
24.508196721311474
24.50655737704918
24.504918032786886
24.508196721311474
24.50655737704918
24.511475409836066
24.5
24.5
24.501639344262294
\
24.508196721311474
24.508196721311474
24.51311475409836
24.516393442622952
24.514754098360655
24.514754098360655
24.514754098360655
24.511475409836066
24.509836065573772
24.522950819672133
24.514754098360655
24.514754098360655
24.51967213114754
24.50655737704918
24.504918032786886
24.51311475409836
24.51311475409836
24.509836065573772
24.509836065573772
24.514754098360655
24.51311475409836
24.516393442622952
24.50655737704918
24.501639344262294
24.501639344262294
\
24.508196721311474
24.51311475409836
24.51311475409836
24.516393442622952
24.514754098360655
24.514754098360655
24.511475409836066
24.51311475409836
24.508196721311474
24.509836065573772
24.51311475409836
24.516393442622952
24.516393442622952
24.51311475409836
24.504918032786886
24.509836065573772
24.508196721311474
24.508196721311474
24.511475409836066
24.509836065573772
24.511475409836066
24.511475409836066
24.501639344262294
24.508196721311474
24.501639344262294
\
24.501639344262294
24.508196721311474
24.511475409836066
24.514754098360655
24.522950819672133
24.522950819672133
24.514754098360655
24.511475409836066
24.509836065573772
24.51311475409836
24.508196721311474
24.514754098360655
24.518032786885247
24.508196721311474
24.504918032786886
24.511475409836066
24.50655737704918
24.508196721311474
24.50655737704918
24.50655737704918
24.50655737704918
24.50655737704918
24.501639344262294
24.501639344262294
24.5
\
24.501639344262294
24.508196721311474
24.504918032786886
24.516393442622952
24.514754098360655
24.514754098360655
24.51311475409836
24.508196721311474
24.508196721311474
24.514754098360655
24.51311475409836
24.514754098360655
24.514754098360655
24.508196721311474
24.50655737704918
24.51311475409836
24.509836065573772
24.508196721311474
24.508196721311474
24.5
24.5
24.508196721311474
24.5
24.5
24.5
\
24.504918032786886
24.50655737704918
24.508196721311474
24.514754098360655
24.514754098360655
24.522950819672133
24.51311475409836
24.508196721311474
24.50655737704918
24.509836065573772
24.509836065573772
24.518032786885247
24.514754098360655
24.51311475409836
24.51311475409836
24.51311475409836
24.508196721311474
24.50655737704918
24.508196721311474
24.498360655737706
24.491803278688526
24.5
24.495081967213114
24.501639344262294
24.501639344262294
\
24.508196721311474
24.516393442622952
24.516393442622952
24.516393442622952
24.522950819672133
24.514754098360655
24.514754098360655
24.508196721311474
24.504918032786886
24.508196721311474
24.504918032786886
24.514754098360655
24.51967213114754
24.514754098360655
24.51311475409836
24.518032786885247
24.511475409836066
24.51311475409836
24.504918032786886
24.504918032786886
24.49672131147541
24.498360655737706
24.495081967213114
24.501639344262294
24.504918032786886
\
24.50655737704918
24.509836065573772
24.511475409836066
24.516393442622952
24.509836065573772
24.514754098360655
24.51311475409836
24.508196721311474
24.501639344262294
24.508196721311474
24.509836065573772
24.514754098360655
24.514754098360655
24.51311475409836
24.514754098360655
24.514754098360655
24.51311475409836
24.51311475409836
24.504918032786886
24.501639344262294
24.5
24.508196721311474
24.501639344262294
24.508196721311474
24.508196721311474
\
24.508196721311474
24.509836065573772
24.511475409836066
24.514754098360655
24.508196721311474
24.51311475409836
24.509836065573772
24.508196721311474
24.504918032786886
24.509836065573772
24.511475409836066
24.514754098360655
24.516393442622952
24.51311475409836
24.509836065573772
24.51311475409836
24.508196721311474
24.504918032786886
24.495081967213114
24.5
24.5
24.511475409836066
24.501639344262294
24.511475409836066
24.511475409836066
\
24.5
24.509836065573772
24.509836065573772
24.51311475409836
24.51311475409836
24.51311475409836
24.508196721311474
24.508196721311474
24.501639344262294
24.508196721311474
24.508196721311474
24.516393442622952
24.514754098360655
24.51311475409836
24.51311475409836
24.509836065573772
24.508196721311474
24.501639344262294
24.49672131147541
24.5
24.495081967213114
24.511475409836066
24.501639344262294
24.509836065573772
24.511475409836066
\
