25.508196721311474
25.509836065573772
25.511475409836066
25.508196721311474
25.508196721311474
25.514754098360655
25.508196721311474
25.504918032786886
25.504918032786886
25.504918032786886
25.511475409836066
25.508196721311474
25.504918032786886
25.504918032786886
25.511475409836066
25.518032786885247
25.51311475409836
25.521311475409835
25.521311475409835
25.514754098360655
25.518032786885247
\
25.508196721311474
25.504918032786886
25.50655737704918
25.49672131147541
25.501639344262294
25.508196721311474
25.504918032786886
25.501639344262294
25.504918032786886
25.504918032786886
25.51311475409836
25.508196721311474
25.498360655737706
25.5
25.498360655737706
25.508196721311474
25.508196721311474
25.514754098360655
25.514754098360655
25.521311475409835
25.518032786885247
\
25.508196721311474
25.504918032786886
25.508196721311474
25.501639344262294
25.508196721311474
25.509836065573772
25.504918032786886
25.501639344262294
25.504918032786886
25.508196721311474
25.508196721311474
25.508196721311474
25.498360655737706
25.503278688524592
25.5
25.501639344262294
25.508196721311474
25.508196721311474
25.504918032786886
25.508196721311474
25.51311475409836
\
25.51311475409836
25.508196721311474
25.508196721311474
25.501639344262294
25.504918032786886
25.508196721311474
25.508196721311474
25.501639344262294
25.508196721311474
25.508196721311474
25.508196721311474
25.508196721311474
25.498360655737706
25.5
25.503278688524592
25.501639344262294
25.504918032786886
25.508196721311474
25.504918032786886
25.508196721311474
25.51311475409836
\
25.51311475409836
25.504918032786886
25.508196721311474
25.508196721311474
25.51311475409836
25.511475409836066
25.51311475409836
25.504918032786886
25.504918032786886
25.508196721311474
25.508196721311474
25.504918032786886
25.504918032786886
25.504918032786886
25.509836065573772
25.508196721311474
25.501639344262294
25.501639344262294
25.501639344262294
25.501639344262294
25.504918032786886
25.508196721311474
25.508196721311474
25.514754098360655
25.514754098360655
\
25.511475409836066
25.504918032786886
25.509836065573772
25.51311475409836
25.514754098360655
25.511475409836066
25.514754098360655
25.504918032786886
25.508196721311474
25.508196721311474
25.51311475409836
25.504918032786886
25.501639344262294
25.504918032786886
25.511475409836066
25.508196721311474
25.501639344262294
25.501639344262294
25.504918032786886
25.508196721311474
25.508196721311474
25.51311475409836
25.51311475409836
25.514754098360655
25.51311475409836
\
25.508196721311474
25.501639344262294
25.51311475409836
25.508196721311474
25.514754098360655
25.51311475409836
25.509836065573772
25.503278688524592
25.504918032786886
25.509836065573772
25.508196721311474
25.498360655737706
25.5
25.504918032786886
25.504918032786886
25.504918032786886
25.498360655737706
25.49672131147541
25.501639344262294
25.504918032786886
25.504918032786886
25.508196721311474
25.508196721311474
25.51311475409836
25.511475409836066
\
25.508196721311474
25.501639344262294
25.508196721311474
25.508196721311474
25.514754098360655
25.508196721311474
25.508196721311474
25.501639344262294
25.504918032786886
25.504918032786886
25.511475409836066
25.5
25.501639344262294
25.508196721311474
25.504918032786886
25.504918032786886
25.5
25.498360655737706
25.508196721311474
25.508196721311474
25.509836065573772
25.514754098360655
25.518032786885247
25.514754098360655
25.514754098360655
\
25.508196721311474
25.501639344262294
25.504918032786886
25.508196721311474
25.508196721311474
25.504918032786886
25.509836065573772
25.504918032786886
25.504918032786886
25.504918032786886
25.508196721311474
25.5
25.504918032786886
25.504918032786886
25.511475409836066
25.508196721311474
25.504918032786886
25.504918032786886
25.514754098360655
25.518032786885247
25.514754098360655
25.514754098360655
25.514754098360655
25.51311475409836
25.514754098360655
\
25.509836065573772
25.501639344262294
25.504918032786886
25.508196721311474
25.508196721311474
25.508196721311474
25.508196721311474
25.503278688524592
25.504918032786886
25.508196721311474
25.504918032786886
25.504918032786886
25.504918032786886
25.511475409836066
25.514754098360655
25.518032786885247
25.511475409836066
25.508196721311474
25.518032786885247
25.521311475409835
25.518032786885247
25.521311475409835
25.518032786885247
25.514754098360655
25.514754098360655
\
25.508196721311474
25.501639344262294
25.504918032786886
25.508196721311474
25.509836065573772
25.508196721311474
25.508196721311474
25.504918032786886
25.509836065573772
25.514754098360655
25.51311475409836
25.508196721311474
25.508196721311474
25.514754098360655
25.521311475409835
25.521311475409835
25.514754098360655
25.514754098360655
25.521311475409835
25.521311475409835
25.521311475409835
25.521311475409835
25.514754098360655
25.51311475409836
25.511475409836066
\
25.508196721311474
25.498360655737706
25.501639344262294
25.501639344262294
25.504918032786886
25.504918032786886
25.509836065573772
25.501639344262294
25.511475409836066
25.514754098360655
25.514754098360655
25.516393442622952
25.51311475409836
25.521311475409835
25.52622950819672
25.524590163934427
25.514754098360655
25.514754098360655
25.521311475409835
25.518032786885247
25.516393442622952
25.521311475409835
25.514754098360655
25.514754098360655
25.504918032786886
\
25.504918032786886
25.498360655737706
25.504918032786886
25.5
25.504918032786886
25.508196721311474
25.511475409836066
25.504918032786886
25.511475409836066
25.52622950819672
25.521311475409835
25.52622950819672
25.514754098360655
25.521311475409835
25.52622950819672
25.52622950819672
25.51311475409836
25.511475409836066
25.514754098360655
25.518032786885247
25.509836065573772
25.514754098360655
25.511475409836066
25.508196721311474
25.508196721311474
\
25.504918032786886
25.498360655737706
25.501639344262294
25.501639344262294
25.511475409836066
25.51311475409836
25.516393442622952
25.509836065573772
25.518032786885247
25.529508196721313
25.529508196721313
25.524590163934427
25.521311475409835
25.527868852459015
25.529508196721313
25.52622950819672
25.514754098360655
25.511475409836066
25.518032786885247
25.51311475409836
25.518032786885247
25.524590163934427
25.514754098360655
25.514754098360655
25.51311475409836
\
25.504918032786886
25.495081967213114
25.503278688524592
25.504918032786886
25.521311475409835
25.514754098360655
25.521311475409835
25.511475409836066
25.521311475409835
25.524590163934427
25.52622950819672
25.521311475409835
25.521311475409835
25.527868852459015
25.531147540983607
25.52622950819672
25.514754098360655
25.511475409836066
25.51311475409836
25.514754098360655
25.514754098360655
25.514754098360655
25.509836065573772
25.509836065573772
25.51311475409836
\
25.504918032786886
25.498360655737706
25.504918032786886
25.514754098360655
25.52622950819672
25.524590163934427
25.521311475409835
25.514754098360655
25.518032786885247
25.524590163934427
25.527868852459015
25.521311475409835
25.52622950819672
25.531147540983607
25.529508196721313
25.529508196721313
25.521311475409835
25.514754098360655
25.518032786885247
25.514754098360655
25.518032786885247
25.518032786885247
25.518032786885247
25.514754098360655
25.521311475409835
\
