23.434426229508198
23.468852459016393
23.463934426229507
23.463934426229507
23.522950819672133
23.522950819672133
23.51311475409836
23.468852459016393
23.522950819672133
23.45409836065574
23.444262295081966
23.42950819672131
23.395081967213116
23.321311475409836
23.104918032786884
22.21967213114754
21.56065573770492
21.491803278688526
21.6
22.64262295081967
23.04590163934426
\
23.39016393442623
23.424590163934425
23.424590163934425
23.439344262295084
23.42950819672131
23.439344262295084
23.444262295081966
23.424590163934425
23.424590163934425
23.414754098360657
23.39016393442623
23.39016393442623
23.355737704918035
23.29672131147541
23.104918032786884
22.249180327868853
21.550819672131148
21.427868852459017
21.57049180327869
22.544262295081968
22.991803278688526
\
23.404918032786885
23.424590163934425
23.42950819672131
23.449180327868852
23.42950819672131
23.444262295081966
23.468852459016393
23.42950819672131
23.424590163934425
23.424590163934425
23.414754098360657
23.40983606557377
23.395081967213116
23.311475409836067
23.119672131147542
22.514754098360655
21.634426229508197
21.501639344262294
21.575409836065575
22.244262295081967
23.011475409836066
\
23.424590163934425
23.459016393442624
23.468852459016393
23.51311475409836
23.449180327868852
23.522950819672133
23.522950819672133
23.444262295081966
23.42950819672131
23.424590163934425
23.40983606557377
23.424590163934425
23.395081967213116
23.331147540983608
23.154098360655738
22.534426229508195
21.698360655737705
21.550819672131148
21.57049180327869
22.20983606557377
23.011475409836066
\
23.355737704918035
23.37049180327869
23.39016393442623
23.424590163934425
23.42950819672131
23.459016393442624
23.522950819672133
23.522950819672133
23.463934426229507
23.522950819672133
23.522950819672133
23.468852459016393
23.444262295081966
23.434426229508198
23.42950819672131
23.449180327868852
23.39016393442623
23.340983606557376
23.20327868852459
22.544262295081968
21.698360655737705
21.634426229508197
21.59016393442623
22.18032786885246
23.011475409836066
\
23.380327868852458
23.40983606557377
23.434426229508198
23.434426229508198
23.463934426229507
23.522950819672133
23.463934426229507
23.463934426229507
23.463934426229507
23.522950819672133
23.463934426229507
23.459016393442624
23.444262295081966
23.449180327868852
23.42950819672131
23.468852459016393
23.414754098360657
23.37049180327869
23.277049180327868
22.64262295081967
22.062295081967214
21.634426229508197
21.619672131147542
22.165573770491804
23.050819672131148
\
23.39016393442623
23.424590163934425
23.449180327868852
23.42950819672131
23.522950819672133
23.522950819672133
23.463934426229507
23.522950819672133
23.463934426229507
23.463934426229507
23.463934426229507
23.463934426229507
23.463934426229507
23.522950819672133
23.444262295081966
23.463934426229507
23.42950819672131
23.39016393442623
23.33606557377049
22.755737704918033
22.17049180327869
21.718032786885246
21.654098360655738
22.160655737704918
23.104918032786884
\
23.37049180327869
23.40983606557377
23.434426229508198
23.42950819672131
23.459016393442624
23.522950819672133
23.463934426229507
23.463934426229507
23.463934426229507
23.522950819672133
23.522950819672133
23.463934426229507
23.463934426229507
23.463934426229507
23.42950819672131
23.463934426229507
23.434426229508198
23.42950819672131
23.345901639344262
23.119672131147542
22.23934426229508
21.718032786885246
21.727868852459018
22.140983606557377
23.12950819672131
\
23.355737704918035
23.40983606557377
23.424590163934425
23.434426229508198
23.444262295081966
23.45409836065574
23.463934426229507
23.463934426229507
23.51311475409836
23.51311475409836
23.468852459016393
23.45409836065574
23.518032786885247
23.518032786885247
23.439344262295084
23.463934426229507
23.444262295081966
23.434426229508198
23.37049180327869
23.20327868852459
22.60327868852459
22.08688524590164
21.75245901639344
22.131147540983605
23.139344262295083
\
23.321311475409836
23.365573770491803
23.39016393442623
23.434426229508198
23.434426229508198
23.42950819672131
23.439344262295084
23.459016393442624
23.444262295081966
23.45409836065574
23.468852459016393
23.42950819672131
23.444262295081966
23.439344262295084
23.439344262295084
23.522950819672133
23.468852459016393
23.439344262295084
23.4
23.222950819672132
22.667213114754098
22.15573770491803
21.74754098360656
22.047540983606556
22.755737704918033
\
23.291803278688526
23.340983606557376
23.37049180327869
23.40983606557377
23.42950819672131
23.42950819672131
23.434426229508198
23.51311475409836
23.439344262295084
23.468852459016393
23.463934426229507
23.42950819672131
23.42950819672131
23.439344262295084
23.449180327868852
23.459016393442624
23.51311475409836
23.449180327868852
23.4
23.19344262295082
22.691803278688525
22.195081967213113
21.762295081967213
22.062295081967214
22.691803278688525
\
23.28688524590164
23.331147540983608
23.355737704918035
23.395081967213116
23.414754098360657
23.414754098360657
23.42950819672131
23.444262295081966
23.434426229508198
23.449180327868852
23.51311475409836
23.444262295081966
23.434426229508198
23.439344262295084
23.439344262295084
23.449180327868852
23.459016393442624
23.449180327868852
23.257377049180327
23.1
22.58360655737705
22.145901639344263
21.737704918032787
21.70327868852459
22.64262295081967
\
23.257377049180327
23.30655737704918
23.345901639344262
23.365573770491803
23.40983606557377
23.40983606557377
23.40983606557377
23.434426229508198
23.42950819672131
23.42950819672131
23.444262295081966
23.449180327868852
23.434426229508198
23.444262295081966
23.42950819672131
23.444262295081966
23.463934426229507
23.51311475409836
23.40983606557377
23.25245901639344
22.84918032786885
22.244262295081967
21.66393442622951
21.678688524590164
22.58360655737705
\
23.24754098360656
23.30655737704918
23.345901639344262
23.365573770491803
23.40983606557377
23.395081967213116
23.414754098360657
23.434426229508198
23.42950819672131
23.444262295081966
23.459016393442624
23.459016393442624
23.45409836065574
23.444262295081966
23.444262295081966
23.449180327868852
23.463934426229507
23.522950819672133
23.483606557377048
23.340983606557376
23.139344262295083
22.514754098360655
21.70327868852459
21.678688524590164
22.56393442622951
\
23.2672131147541
23.31639344262295
23.345901639344262
23.37049180327869
23.39016393442623
23.395081967213116
23.40983606557377
23.434426229508198
23.439344262295084
23.444262295081966
23.468852459016393
23.444262295081966
23.459016393442624
23.439344262295084
23.444262295081966
23.518032786885247
23.522950819672133
23.463934426229507
23.483606557377048
23.37049180327869
23.168852459016392
22.60327868852459
22.042622950819673
21.722950819672132
22.544262295081968
\
23.24754098360656
23.301639344262295
23.331147540983608
23.355737704918035
23.37049180327869
23.375409836065575
23.404918032786885
23.40983606557377
23.42950819672131
23.414754098360657
23.439344262295084
23.424590163934425
23.42950819672131
23.40983606557377
23.404918032786885
23.39016393442623
23.404918032786885
23.40983606557377
23.375409836065575
23.28688524590164
23.12950819672131
22.578688524590163
21.698360655737705
21.71311475409836
22.524590163934427
\
