25.57049180327869
25.58032786885246
25.57704918032787
25.575409836065575
25.567213114754097
25.562295081967214
25.56393442622951
25.56393442622951
25.562295081967214
25.56393442622951
25.560655737704916
25.560655737704916
25.542622950819673
25.560655737704916
25.554098360655736
25.560655737704916
25.529508196721313
25.52622950819672
25.52622950819672
25.52622950819672
25.522950819672133
\
25.56393442622951
25.568852459016394
25.567213114754097
25.56393442622951
25.552459016393442
25.542622950819673
25.542622950819673
25.542622950819673
25.550819672131148
25.552459016393442
25.552459016393442
25.560655737704916
25.542622950819673
25.554098360655736
25.547540983606556
25.542622950819673
25.522950819672133
25.514754098360655
25.514754098360655
25.518032786885247
25.508196721311474
\
25.560655737704916
25.567213114754097
25.565573770491802
25.562295081967214
25.508196721311474
25.498360655737706
25.495081967213114
25.495081967213114
25.498360655737706
25.511475409836066
25.547540983606556
25.537704918032787
25.53934426229508
25.560655737704916
25.540983606557376
25.536065573770493
25.516393442622952
25.509836065573772
25.508196721311474
25.508196721311474
25.504918032786886
\
25.562295081967214
25.560655737704916
25.560655737704916
25.552459016393442
25.504918032786886
25.509836065573772
25.508196721311474
25.48688524590164
25.48688524590164
25.495081967213114
25.550819672131148
25.53934426229508
25.542622950819673
25.560655737704916
25.552459016393442
25.537704918032787
25.52622950819672
25.529508196721313
25.529508196721313
25.529508196721313
25.52622950819672
\
25.560655737704916
25.537704918032787
25.554098360655736
25.552459016393442
25.552459016393442
25.560655737704916
25.560655737704916
25.560655737704916
25.56393442622951
25.568852459016394
25.56393442622951
25.560655737704916
25.567213114754097
25.554098360655736
25.56393442622951
25.56393442622951
25.56393442622951
25.57049180327869
25.56393442622951
25.56393442622951
25.56393442622951
25.572131147540983
25.572131147540983
25.57704918032787
25.58032786885246
\
25.560655737704916
25.536065573770493
25.560655737704916
25.547540983606556
25.552459016393442
25.554098360655736
25.552459016393442
25.552459016393442
25.565573770491802
25.565573770491802
25.560655737704916
25.552459016393442
25.552459016393442
25.552459016393442
25.552459016393442
25.560655737704916
25.547540983606556
25.562295081967214
25.552459016393442
25.560655737704916
25.56393442622951
25.568852459016394
25.57704918032787
25.57704918032787
25.57704918032787
\
25.552459016393442
25.537704918032787
25.560655737704916
25.542622950819673
25.542622950819673
25.552459016393442
25.552459016393442
25.554098360655736
25.552459016393442
25.56393442622951
25.552459016393442
25.542622950819673
25.552459016393442
25.552459016393442
25.552459016393442
25.552459016393442
25.540983606557376
25.56393442622951
25.552459016393442
25.554098360655736
25.560655737704916
25.56393442622951
25.57049180327869
25.572131147540983
25.572131147540983
\
25.552459016393442
25.5327868852459
25.547540983606556
25.53934426229508
25.547540983606556
25.552459016393442
25.552459016393442
25.552459016393442
25.554098360655736
25.56393442622951
25.552459016393442
25.542622950819673
25.552459016393442
25.547540983606556
25.542622950819673
25.552459016393442
25.547540983606556
25.562295081967214
25.552459016393442
25.560655737704916
25.565573770491802
25.565573770491802
25.568852459016394
25.575409836065575
25.572131147540983
\
25.560655737704916
25.536065573770493
25.547540983606556
25.542622950819673
25.552459016393442
25.560655737704916
25.552459016393442
25.552459016393442
25.56393442622951
25.560655737704916
25.552459016393442
25.53934426229508
25.552459016393442
25.547540983606556
25.552459016393442
25.560655737704916
25.53934426229508
25.560655737704916
25.552459016393442
25.567213114754097
25.56393442622951
25.568852459016394
25.568852459016394
25.575409836065575
25.572131147540983
\
25.547540983606556
25.534426229508195
25.542622950819673
25.542622950819673
25.547540983606556
25.560655737704916
25.547540983606556
25.554098360655736
25.560655737704916
25.560655737704916
25.552459016393442
25.542622950819673
25.547540983606556
25.542622950819673
25.542622950819673
25.552459016393442
25.53934426229508
25.554098360655736
25.552459016393442
25.56393442622951
25.56393442622951
25.567213114754097
25.568852459016394
25.568852459016394
25.568852459016394
\
25.552459016393442
25.536065573770493
25.552459016393442
25.542622950819673
25.53934426229508
25.560655737704916
25.547540983606556
25.554098360655736
25.560655737704916
25.567213114754097
25.552459016393442
25.542622950819673
25.542622950819673
25.53934426229508
25.552459016393442
25.560655737704916
25.53934426229508
25.560655737704916
25.552459016393442
25.56393442622951
25.565573770491802
25.565573770491802
25.567213114754097
25.568852459016394
25.57377049180328
\
25.540983606557376
25.536065573770493
25.552459016393442
25.53934426229508
25.53934426229508
25.552459016393442
25.552459016393442
25.552459016393442
25.552459016393442
25.565573770491802
25.552459016393442
25.552459016393442
25.552459016393442
25.542622950819673
25.552459016393442
25.552459016393442
25.53934426229508
25.56393442622951
25.560655737704916
25.560655737704916
25.565573770491802
25.56393442622951
25.565573770491802
25.565573770491802
25.572131147540983
\
25.560655737704916
25.536065573770493
25.552459016393442
25.53934426229508
25.547540983606556
25.560655737704916
25.547540983606556
25.552459016393442
25.554098360655736
25.57049180327869
25.56393442622951
25.565573770491802
25.565573770491802
25.560655737704916
25.552459016393442
25.562295081967214
25.542622950819673
25.560655737704916
25.552459016393442
25.56393442622951
25.56393442622951
25.552459016393442
25.567213114754097
25.56393442622951
25.572131147540983
\
25.562295081967214
25.536065573770493
25.547540983606556
25.542622950819673
25.547540983606556
25.560655737704916
25.547540983606556
25.552459016393442
25.562295081967214
25.567213114754097
25.560655737704916
25.560655737704916
25.568852459016394
25.565573770491802
25.565573770491802
25.56393442622951
25.547540983606556
25.552459016393442
25.552459016393442
25.552459016393442
25.56393442622951
25.565573770491802
25.565573770491802
25.560655737704916
25.568852459016394
\
25.560655737704916
25.536065573770493
25.547540983606556
25.542622950819673
25.540983606557376
25.554098360655736
25.540983606557376
25.552459016393442
25.554098360655736
25.56393442622951
25.560655737704916
25.552459016393442
25.562295081967214
25.560655737704916
25.560655737704916
25.56393442622951
25.552459016393442
25.552459016393442
25.542622950819673
25.560655737704916
25.552459016393442
25.552459016393442
25.560655737704916
25.560655737704916
25.568852459016394
\
25.547540983606556
25.536065573770493
25.547540983606556
25.542622950819673
25.552459016393442
25.56393442622951
25.542622950819673
25.552459016393442
25.560655737704916
25.560655737704916
25.552459016393442
25.547540983606556
25.552459016393442
25.547540983606556
25.552459016393442
25.56393442622951
25.552459016393442
25.554098360655736
25.547540983606556
25.560655737704916
25.56393442622951
25.552459016393442
25.565573770491802
25.565573770491802
25.568852459016394
\
