27.498360655737706
27.498360655737706
27.501639344262294
27.498360655737706
27.50655737704918
27.501639344262294
27.49672131147541
27.498360655737706
27.495081967213114
27.488524590163934
27.498360655737706
27.498360655737706
27.498360655737706
27.5
27.495081967213114
27.495081967213114
27.501639344262294
27.5
27.495081967213114
27.495081967213114
27.49672131147541
\
27.49672131147541
27.491803278688526
27.495081967213114
27.491803278688526
27.5
27.498360655737706
27.495081967213114
27.491803278688526
27.495081967213114
27.488524590163934
27.49672131147541
27.495081967213114
27.498360655737706
27.49672131147541
27.495081967213114
27.495081967213114
27.498360655737706
27.495081967213114
27.495081967213114
27.495081967213114
27.491803278688526
\
27.495081967213114
27.495081967213114
27.491803278688526
27.488524590163934
27.495081967213114
27.5
27.491803278688526
27.495081967213114
27.495081967213114
27.491803278688526
27.495081967213114
27.495081967213114
27.5
27.498360655737706
27.498360655737706
27.49672131147541
27.495081967213114
27.495081967213114
27.495081967213114
27.491803278688526
27.488524590163934
\
27.495081967213114
27.491803278688526
27.491803278688526
27.488524590163934
27.498360655737706
27.495081967213114
27.491803278688526
27.491803278688526
27.488524590163934
27.488524590163934
27.495081967213114
27.495081967213114
27.501639344262294
27.501639344262294
27.503278688524592
27.491803278688526
27.491803278688526
27.495081967213114
27.495081967213114
27.498360655737706
27.491803278688526
\
27.516393442622952
27.503278688524592
27.488524590163934
27.488524590163934
27.49672131147541
27.495081967213114
27.491803278688526
27.488524590163934
27.498360655737706
27.491803278688526
27.491803278688526
27.495081967213114
27.491803278688526
27.488524590163934
27.498360655737706
27.5
27.501639344262294
27.501639344262294
27.501639344262294
27.498360655737706
27.491803278688526
27.49672131147541
27.491803278688526
27.495081967213114
27.495081967213114
\
27.516393442622952
27.501639344262294
27.498360655737706
27.491803278688526
27.5
27.498360655737706
27.495081967213114
27.491803278688526
27.498360655737706
27.495081967213114
27.495081967213114
27.495081967213114
27.491803278688526
27.488524590163934
27.495081967213114
27.49672131147541
27.5
27.5
27.501639344262294
27.498360655737706
27.5
27.503278688524592
27.495081967213114
27.495081967213114
27.498360655737706
\
27.51967213114754
27.503278688524592
27.495081967213114
27.495081967213114
27.5
27.498360655737706
27.491803278688526
27.488524590163934
27.495081967213114
27.498360655737706
27.49672131147541
27.491803278688526
27.491803278688526
27.488524590163934
27.495081967213114
27.498360655737706
27.5
27.508196721311474
27.503278688524592
27.5
27.498360655737706
27.501639344262294
27.49672131147541
27.498360655737706
27.5
\
27.51967213114754
27.501639344262294
27.491803278688526
27.495081967213114
27.498360655737706
27.498360655737706
27.495081967213114
27.488524590163934
27.491803278688526
27.498360655737706
27.491803278688526
27.491803278688526
27.491803278688526
27.488524590163934
27.495081967213114
27.5
27.501639344262294
27.504918032786886
27.50655737704918
27.498360655737706
27.5
27.503278688524592
27.5
27.501639344262294
27.501639344262294
\
27.51967213114754
27.5
27.495081967213114
27.49672131147541
27.5
27.495081967213114
27.49672131147541
27.491803278688526
27.498360655737706
27.495081967213114
27.495081967213114
27.495081967213114
27.491803278688526
27.488524590163934
27.49672131147541
27.503278688524592
27.503278688524592
27.503278688524592
27.504918032786886
27.511475409836066
27.501639344262294
27.5
27.503278688524592
27.503278688524592
27.5
\
27.516393442622952
27.498360655737706
27.491803278688526
27.491803278688526
27.498360655737706
27.491803278688526
27.491803278688526
27.488524590163934
27.498360655737706
27.491803278688526
27.491803278688526
27.488524590163934
27.491803278688526
27.488524590163934
27.495081967213114
27.5
27.504918032786886
27.501639344262294
27.501639344262294
27.503278688524592
27.503278688524592
27.504918032786886
27.508196721311474
27.508196721311474
27.501639344262294
\
27.521311475409835
27.495081967213114
27.491803278688526
27.491803278688526
27.495081967213114
27.495081967213114
27.491803278688526
27.488524590163934
27.491803278688526
27.491803278688526
27.488524590163934
27.488524590163934
27.488524590163934
27.481967213114753
27.491803278688526
27.503278688524592
27.503278688524592
27.509836065573772
27.501639344262294
27.5
27.503278688524592
27.5
27.504918032786886
27.508196721311474
27.501639344262294
\
27.516393442622952
27.49672131147541
27.488524590163934
27.491803278688526
27.495081967213114
27.498360655737706
27.495081967213114
27.491803278688526
27.49672131147541
27.495081967213114
27.491803278688526
27.495081967213114
27.495081967213114
27.491803278688526
27.503278688524592
27.504918032786886
27.509836065573772
27.514754098360655
27.511475409836066
27.504918032786886
27.503278688524592
27.501639344262294
27.50655737704918
27.504918032786886
27.511475409836066
\
27.518032786885247
27.498360655737706
27.491803278688526
27.491803278688526
27.5
27.501639344262294
27.491803278688526
27.491803278688526
27.498360655737706
27.501639344262294
27.498360655737706
27.503278688524592
27.501639344262294
27.5
27.508196721311474
27.51311475409836
27.509836065573772
27.509836065573772
27.511475409836066
27.508196721311474
27.503278688524592
27.498360655737706
27.508196721311474
27.50655737704918
27.504918032786886
\
27.51311475409836
27.498360655737706
27.491803278688526
27.491803278688526
27.498360655737706
27.498360655737706
27.491803278688526
27.495081967213114
27.498360655737706
27.5
27.498360655737706
27.503278688524592
27.508196721311474
27.504918032786886
27.509836065573772
27.509836065573772
27.509836065573772
27.501639344262294
27.50655737704918
27.501639344262294
27.501639344262294
27.503278688524592
27.503278688524592
27.503278688524592
27.503278688524592
\
27.516393442622952
27.495081967213114
27.498360655737706
27.495081967213114
27.495081967213114
27.49672131147541
27.491803278688526
27.491803278688526
27.501639344262294
27.504918032786886
27.498360655737706
27.504918032786886
27.509836065573772
27.504918032786886
27.511475409836066
27.509836065573772
27.51311475409836
27.508196721311474
27.508196721311474
27.501639344262294
27.501639344262294
27.501639344262294
27.504918032786886
27.503278688524592
27.503278688524592
\
27.511475409836066
27.5
27.498360655737706
27.491803278688526
27.5
27.495081967213114
27.498360655737706
27.491803278688526
27.498360655737706
27.5
27.5
27.504918032786886
27.51311475409836
27.504918032786886
27.508196721311474
27.511475409836066
27.508196721311474
27.509836065573772
27.504918032786886
27.501639344262294
27.503278688524592
27.501639344262294
27.504918032786886
27.503278688524592
27.501639344262294
\
