25.549180327868854
25.549180327868854
25.549180327868854
25.549180327868854
25.54590163934426
25.550819672131148
25.54590163934426
25.549180327868854
25.550819672131148
25.550819672131148
25.555737704918034
25.552459016393442
25.549180327868854
25.54590163934426
25.54590163934426
25.54590163934426
25.552459016393442
25.555737704918034
25.54590163934426
25.549180327868854
25.555737704918034
\
25.53934426229508
25.53934426229508
25.54590163934426
25.53934426229508
25.53934426229508
25.549180327868854
25.542622950819673
25.54590163934426
25.54590163934426
25.54590163934426
25.549180327868854
25.549180327868854
25.54590163934426
25.53934426229508
25.53934426229508
25.53934426229508
25.549180327868854
25.54590163934426
25.542622950819673
25.542622950819673
25.54590163934426
\
25.54590163934426
25.53934426229508
25.54590163934426
25.54590163934426
25.536065573770493
25.549180327868854
25.53934426229508
25.54590163934426
25.549180327868854
25.53934426229508
25.542622950819673
25.54590163934426
25.54590163934426
25.53934426229508
25.536065573770493
25.53934426229508
25.549180327868854
25.542622950819673
25.54590163934426
25.53934426229508
25.53934426229508
\
25.54590163934426
25.54590163934426
25.54590163934426
25.54590163934426
25.536065573770493
25.549180327868854
25.542622950819673
25.549180327868854
25.549180327868854
25.53934426229508
25.54590163934426
25.54590163934426
25.54590163934426
25.53934426229508
25.53934426229508
25.53934426229508
25.549180327868854
25.53934426229508
25.54590163934426
25.54590163934426
25.54590163934426
\
25.53934426229508
25.536065573770493
25.536065573770493
25.54590163934426
25.536065573770493
25.53934426229508
25.54590163934426
25.54590163934426
25.534426229508195
25.542622950819673
25.53934426229508
25.54590163934426
25.542622950819673
25.53934426229508
25.54590163934426
25.54590163934426
25.542622950819673
25.534426229508195
25.536065573770493
25.536065573770493
25.549180327868854
25.549180327868854
25.54590163934426
25.54590163934426
25.54590163934426
\
25.54590163934426
25.534426229508195
25.54590163934426
25.549180327868854
25.542622950819673
25.53934426229508
25.549180327868854
25.54590163934426
25.53934426229508
25.542622950819673
25.542622950819673
25.54590163934426
25.53934426229508
25.53934426229508
25.54590163934426
25.54590163934426
25.542622950819673
25.536065573770493
25.536065573770493
25.53934426229508
25.549180327868854
25.549180327868854
25.54590163934426
25.54590163934426
25.549180327868854
\
25.54590163934426
25.542622950819673
25.549180327868854
25.550819672131148
25.54590163934426
25.54590163934426
25.552459016393442
25.54590163934426
25.542622950819673
25.549180327868854
25.54590163934426
25.549180327868854
25.53934426229508
25.53934426229508
25.53934426229508
25.54590163934426
25.54590163934426
25.53934426229508
25.536065573770493
25.54590163934426
25.549180327868854
25.549180327868854
25.549180327868854
25.549180327868854
25.54590163934426
\
25.549180327868854
25.54590163934426
25.549180327868854
25.555737704918034
25.54590163934426
25.555737704918034
25.555737704918034
25.549180327868854
25.54590163934426
25.549180327868854
25.549180327868854
25.54590163934426
25.54590163934426
25.542622950819673
25.54590163934426
25.549180327868854
25.54590163934426
25.53934426229508
25.54590163934426
25.54590163934426
25.549180327868854
25.552459016393442
25.549180327868854
25.549180327868854
25.549180327868854
\
25.54590163934426
25.54590163934426
25.549180327868854
25.56393442622951
25.549180327868854
25.549180327868854
25.552459016393442
25.550819672131148
25.54590163934426
25.549180327868854
25.54590163934426
25.53934426229508
25.542622950819673
25.53934426229508
25.54590163934426
25.54590163934426
25.54590163934426
25.53934426229508
25.53934426229508
25.54590163934426
25.54590163934426
25.549180327868854
25.549180327868854
25.549180327868854
25.54590163934426
\
25.549180327868854
25.54590163934426
25.54590163934426
25.557377049180328
25.549180327868854
25.549180327868854
25.555737704918034
25.550819672131148
25.54590163934426
25.549180327868854
25.542622950819673
25.53934426229508
25.542622950819673
25.536065573770493
25.542622950819673
25.54590163934426
25.542622950819673
25.536065573770493
25.53934426229508
25.542622950819673
25.54590163934426
25.54590163934426
25.549180327868854
25.54590163934426
25.53934426229508
\
25.552459016393442
25.550819672131148
25.550819672131148
25.560655737704916
25.54590163934426
25.549180327868854
25.555737704918034
25.552459016393442
25.54590163934426
25.550819672131148
25.54590163934426
25.54590163934426
25.53934426229508
25.536065573770493
25.54590163934426
25.54590163934426
25.54590163934426
25.54590163934426
25.536065573770493
25.54590163934426
25.549180327868854
25.549180327868854
25.54590163934426
25.54590163934426
25.536065573770493
\
25.549180327868854
25.549180327868854
25.550819672131148
25.557377049180328
25.54590163934426
25.549180327868854
25.555737704918034
25.552459016393442
25.54590163934426
25.549180327868854
25.54590163934426
25.54590163934426
25.549180327868854
25.53934426229508
25.53934426229508
25.54590163934426
25.54590163934426
25.542622950819673
25.536065573770493
25.53934426229508
25.549180327868854
25.550819672131148
25.54590163934426
25.542622950819673
25.534426229508195
\
25.549180327868854
25.549180327868854
25.550819672131148
25.555737704918034
25.54590163934426
25.549180327868854
25.550819672131148
25.549180327868854
25.549180327868854
25.552459016393442
25.54590163934426
25.549180327868854
25.552459016393442
25.54590163934426
25.549180327868854
25.549180327868854
25.54590163934426
25.542622950819673
25.53934426229508
25.54590163934426
25.550819672131148
25.549180327868854
25.549180327868854
25.54590163934426
25.5327868852459
\
25.549180327868854
25.549180327868854
25.549180327868854
25.555737704918034
25.54590163934426
25.54590163934426
25.550819672131148
25.549180327868854
25.54590163934426
25.552459016393442
25.54590163934426
25.549180327868854
25.555737704918034
25.550819672131148
25.54590163934426
25.549180327868854
25.54590163934426
25.53934426229508
25.536065573770493
25.54590163934426
25.552459016393442
25.549180327868854
25.549180327868854
25.54590163934426
25.534426229508195
\
25.549180327868854
25.549180327868854
25.552459016393442
25.552459016393442
25.549180327868854
25.549180327868854
25.549180327868854
25.549180327868854
25.549180327868854
25.550819672131148
25.54590163934426
25.549180327868854
25.56393442622951
25.552459016393442
25.550819672131148
25.552459016393442
25.54590163934426
25.54590163934426
25.542622950819673
25.54590163934426
25.552459016393442
25.555737704918034
25.549180327868854
25.549180327868854
25.542622950819673
\
25.549180327868854
25.550819672131148
25.552459016393442
25.552459016393442
25.549180327868854
25.549180327868854
25.549180327868854
25.549180327868854
25.54590163934426
25.550819672131148
25.54590163934426
25.549180327868854
25.555737704918034
25.549180327868854
25.550819672131148
25.555737704918034
25.549180327868854
25.549180327868854
25.549180327868854
25.549180327868854
25.555737704918034
25.56393442622951
25.552459016393442
25.549180327868854
25.54590163934426
\
