23.139344262295083
23.188524590163933
23.2327868852459
23.188524590163933
23.188524590163933
23.188524590163933
23.16393442622951
23.178688524590164
23.168852459016392
23.14918032786885
23.14918032786885
23.139344262295083
23.08032786885246
23.08032786885246
23.021311475409835
22.918032786885245
22.84918032786885
22.559016393442622
22.091803278688523
21.698360655737705
22.10655737704918
\
23.124590163934425
23.178688524590164
23.16393442622951
23.17377049180328
23.154098360655738
23.188524590163933
23.168852459016392
23.168852459016392
23.134426229508197
23.119672131147542
23.119672131147542
23.114754098360656
23.060655737704916
23.04590163934426
22.90327868852459
22.82950819672131
22.804918032786887
22.53934426229508
21.659016393442624
21.698360655737705
21.659016393442624
\
23.12950819672131
23.14918032786885
23.134426229508197
23.168852459016392
23.154098360655738
23.17377049180328
23.168852459016392
23.14918032786885
23.12950819672131
23.09016393442623
23.12950819672131
23.09016393442623
23.040983606557376
23.021311475409835
22.824590163934428
22.667213114754098
22.672131147540984
22.568852459016394
22.15573770491803
21.708196721311474
21.70327868852459
\
23.104918032786884
23.14918032786885
23.139344262295083
23.139344262295083
23.139344262295083
23.168852459016392
23.134426229508197
23.14918032786885
23.08032786885246
23.08032786885246
23.104918032786884
23.08032786885246
23.040983606557376
23.021311475409835
22.84918032786885
22.67704918032787
22.672131147540984
22.56393442622951
22.165573770491804
21.722950819672132
21.71311475409836
\
23.021311475409835
23.001639344262294
23.075409836065575
23.104918032786884
23.12950819672131
23.168852459016392
23.16393442622951
23.178688524590164
23.17377049180328
23.17377049180328
23.134426229508197
23.17377049180328
23.119672131147542
23.1
23.114754098360656
23.08032786885246
23.04590163934426
22.859016393442623
22.79016393442623
22.672131147540984
22.56393442622951
22.495081967213114
22.140983606557377
21.718032786885246
21.698360655737705
\
23.031147540983607
23.040983606557376
23.10983606557377
23.104918032786884
23.139344262295083
23.188524590163933
23.17377049180328
23.178688524590164
23.17377049180328
23.17377049180328
23.14918032786885
23.178688524590164
23.139344262295083
23.12950819672131
23.114754098360656
23.08032786885246
23.021311475409835
22.8
22.544262295081968
22.278688524590166
22.21967213114754
22.20983606557377
22.047540983606556
21.727868852459018
21.698360655737705
\
23.031147540983607
23.02622950819672
23.114754098360656
23.119672131147542
23.134426229508197
23.188524590163933
23.188524590163933
23.178688524590164
23.178688524590164
23.188524590163933
23.168852459016392
23.178688524590164
23.14918032786885
23.154098360655738
23.134426229508197
23.095081967213115
22.859016393442623
22.72622950819672
22.288524590163934
22.140983606557377
22.165573770491804
22.2
22.09672131147541
21.678688524590164
21.678688524590164
\
23.021311475409835
23.001639344262294
23.114754098360656
23.114754098360656
23.12950819672131
23.17377049180328
23.154098360655738
23.154098360655738
23.154098360655738
23.14918032786885
23.134426229508197
23.17377049180328
23.154098360655738
23.139344262295083
23.134426229508197
23.095081967213115
22.80983606557377
22.554098360655736
22.249180327868853
22.126229508196722
22.126229508196722
22.19016393442623
22.224590163934426
22.160655737704918
22.07704918032787
\
23.02622950819672
23.001639344262294
23.1
23.119672131147542
23.12950819672131
23.154098360655738
23.139344262295083
23.139344262295083
23.14918032786885
23.139344262295083
23.12950819672131
23.178688524590164
23.144262295081965
23.14918032786885
23.139344262295083
23.119672131147542
23.021311475409835
22.672131147540984
22.475409836065573
22.495081967213114
22.318032786885247
22.495081967213114
22.327868852459016
22.2344262295082
22.101639344262296
\
22.991803278688526
22.918032786885245
23.060655737704916
23.114754098360656
23.104918032786884
23.134426229508197
23.124590163934425
23.139344262295083
23.139344262295083
23.139344262295083
23.119672131147542
23.14918032786885
23.134426229508197
23.134426229508197
23.139344262295083
23.12950819672131
23.07049180327869
22.84918032786885
22.662295081967212
22.652459016393443
22.736065573770492
22.736065573770492
22.554098360655736
22.249180327868853
22.072131147540983
\
22.98688524590164
22.854098360655737
23.040983606557376
23.08032786885246
23.119672131147542
23.139344262295083
23.134426229508197
23.144262295081965
23.139344262295083
23.17377049180328
23.134426229508197
23.154098360655738
23.124590163934425
23.134426229508197
23.139344262295083
23.139344262295083
23.055737704918034
23.031147540983607
22.76065573770492
22.667213114754098
22.64262295081967
22.568852459016394
22.51967213114754
22.25409836065574
21.668852459016392
\
22.918032786885245
22.868852459016395
23.040983606557376
23.060655737704916
23.104918032786884
23.134426229508197
23.119672131147542
23.139344262295083
23.134426229508197
23.14918032786885
23.139344262295083
23.168852459016392
23.139344262295083
23.139344262295083
23.154098360655738
23.14918032786885
23.08032786885246
23.040983606557376
22.721311475409834
22.672131147540984
22.588524590163935
22.578688524590163
22.568852459016394
22.288524590163934
22.08688524590164
\
22.91311475409836
22.86393442622951
23.02622950819672
23.060655737704916
23.114754098360656
23.134426229508197
23.104918032786884
23.139344262295083
23.134426229508197
23.12950819672131
23.114754098360656
23.178688524590164
23.14918032786885
23.168852459016392
23.178688524590164
23.17377049180328
23.178688524590164
23.178688524590164
23.104918032786884
23.075409836065575
23.031147540983607
23.001639344262294
22.65737704918033
22.32295081967213
22.175409836065572
\
22.90327868852459
22.91311475409836
23.031147540983607
23.050819672131148
23.1
23.134426229508197
23.114754098360656
23.134426229508197
23.154098360655738
23.134426229508197
23.124590163934425
23.188524590163933
23.188524590163933
23.188524590163933
23.198360655737705
23.188524590163933
23.2327868852459
23.227868852459018
23.188524590163933
23.178688524590164
23.065573770491802
22.84918032786885
22.79016393442623
22.504918032786886
22.091803278688523
\
22.898360655737704
22.918032786885245
23.02622950819672
23.075409836065575
23.1
23.139344262295083
23.134426229508197
23.14918032786885
23.154098360655738
23.178688524590164
23.178688524590164
23.2327868852459
23.2327868852459
23.198360655737705
23.2327868852459
23.227868852459018
23.262295081967213
23.277049180327868
23.24754098360656
23.227868852459018
23.144262295081965
23.114754098360656
22.81967213114754
22.504918032786886
21.668852459016392
\
22.854098360655737
22.89344262295082
23.021311475409835
23.055737704918034
23.10983606557377
23.139344262295083
23.14918032786885
23.154098360655738
23.17377049180328
23.188524590163933
23.198360655737705
23.2327868852459
23.188524590163933
23.188524590163933
23.188524590163933
23.198360655737705
23.2327868852459
23.257377049180327
23.198360655737705
23.2327868852459
23.178688524590164
23.139344262295083
22.81967213114754
22.495081967213114
21.718032786885246
\
