25.527868852459015
25.527868852459015
25.529508196721313
25.527868852459015
25.52622950819672
25.5327868852459
25.531147540983607
25.531147540983607
25.536065573770493
25.529508196721313
25.529508196721313
25.52622950819672
25.522950819672133
25.527868852459015
25.529508196721313
25.529508196721313
25.529508196721313
25.529508196721313
25.529508196721313
25.531147540983607
25.529508196721313
\
25.514754098360655
25.514754098360655
25.524590163934427
25.518032786885247
25.51311475409836
25.522950819672133
25.518032786885247
25.518032786885247
25.52622950819672
25.514754098360655
25.522950819672133
25.524590163934427
25.514754098360655
25.524590163934427
25.522950819672133
25.522950819672133
25.52622950819672
25.524590163934427
25.522950819672133
25.527868852459015
25.522950819672133
\
25.509836065573772
25.51311475409836
25.518032786885247
25.514754098360655
25.509836065573772
25.524590163934427
25.518032786885247
25.514754098360655
25.522950819672133
25.511475409836066
25.518032786885247
25.514754098360655
25.511475409836066
25.518032786885247
25.511475409836066
25.518032786885247
25.522950819672133
25.521311475409835
25.522950819672133
25.524590163934427
25.524590163934427
\
25.509836065573772
25.50655737704918
25.514754098360655
25.509836065573772
25.508196721311474
25.522950819672133
25.514754098360655
25.514754098360655
25.524590163934427
25.501639344262294
25.514754098360655
25.514754098360655
25.501639344262294
25.511475409836066
25.511475409836066
25.511475409836066
25.51311475409836
25.522950819672133
25.522950819672133
25.524590163934427
25.522950819672133
\
25.511475409836066
25.495081967213114
25.503278688524592
25.503278688524592
25.501639344262294
25.503278688524592
25.501639344262294
25.501639344262294
25.503278688524592
25.518032786885247
25.518032786885247
25.51311475409836
25.522950819672133
25.501639344262294
25.509836065573772
25.509836065573772
25.503278688524592
25.511475409836066
25.509836065573772
25.508196721311474
25.511475409836066
25.522950819672133
25.522950819672133
25.52622950819672
25.522950819672133
\
25.509836065573772
25.495081967213114
25.509836065573772
25.501639344262294
25.509836065573772
25.509836065573772
25.508196721311474
25.511475409836066
25.51311475409836
25.518032786885247
25.518032786885247
25.503278688524592
25.514754098360655
25.501639344262294
25.508196721311474
25.509836065573772
25.501639344262294
25.511475409836066
25.509836065573772
25.509836065573772
25.509836065573772
25.518032786885247
25.524590163934427
25.522950819672133
25.522950819672133
\
25.508196721311474
25.495081967213114
25.508196721311474
25.501639344262294
25.501639344262294
25.503278688524592
25.51311475409836
25.51311475409836
25.511475409836066
25.522950819672133
25.51311475409836
25.501639344262294
25.51311475409836
25.501639344262294
25.509836065573772
25.501639344262294
25.501639344262294
25.51311475409836
25.509836065573772
25.509836065573772
25.509836065573772
25.514754098360655
25.518032786885247
25.522950819672133
25.522950819672133
\
25.508196721311474
25.495081967213114
25.501639344262294
25.503278688524592
25.508196721311474
25.509836065573772
25.51311475409836
25.509836065573772
25.501639344262294
25.51967213114754
25.514754098360655
25.501639344262294
25.514754098360655
25.501639344262294
25.501639344262294
25.503278688524592
25.501639344262294
25.51311475409836
25.508196721311474
25.511475409836066
25.51311475409836
25.51967213114754
25.51967213114754
25.527868852459015
25.522950819672133
\
25.514754098360655
25.498360655737706
25.501639344262294
25.50655737704918
25.509836065573772
25.509836065573772
25.51311475409836
25.509836065573772
25.509836065573772
25.51311475409836
25.51311475409836
25.501639344262294
25.509836065573772
25.501639344262294
25.503278688524592
25.508196721311474
25.501639344262294
25.509836065573772
25.509836065573772
25.51311475409836
25.511475409836066
25.524590163934427
25.51967213114754
25.52622950819672
25.522950819672133
\
25.508196721311474
25.49672131147541
25.501639344262294
25.503278688524592
25.508196721311474
25.514754098360655
25.51311475409836
25.51311475409836
25.509836065573772
25.518032786885247
25.508196721311474
25.501639344262294
25.509836065573772
25.501639344262294
25.501639344262294
25.501639344262294
25.5
25.501639344262294
25.511475409836066
25.511475409836066
25.51311475409836
25.524590163934427
25.522950819672133
25.522950819672133
25.527868852459015
\
25.50655737704918
25.495081967213114
25.501639344262294
25.501639344262294
25.501639344262294
25.509836065573772
25.51311475409836
25.514754098360655
25.509836065573772
25.522950819672133
25.509836065573772
25.501639344262294
25.508196721311474
25.5
25.501639344262294
25.508196721311474
25.501639344262294
25.501639344262294
25.511475409836066
25.51311475409836
25.518032786885247
25.522950819672133
25.518032786885247
25.522950819672133
25.527868852459015
\
25.501639344262294
25.498360655737706
25.501639344262294
25.503278688524592
25.501639344262294
25.50655737704918
25.516393442622952
25.51311475409836
25.509836065573772
25.524590163934427
25.51311475409836
25.503278688524592
25.514754098360655
25.501639344262294
25.509836065573772
25.501639344262294
25.501639344262294
25.511475409836066
25.516393442622952
25.51311475409836
25.522950819672133
25.51967213114754
25.518032786885247
25.522950819672133
25.527868852459015
\
25.51311475409836
25.498360655737706
25.503278688524592
25.503278688524592
25.50655737704918
25.509836065573772
25.511475409836066
25.509836065573772
25.511475409836066
25.524590163934427
25.514754098360655
25.51311475409836
25.524590163934427
25.509836065573772
25.511475409836066
25.51311475409836
25.501639344262294
25.511475409836066
25.511475409836066
25.511475409836066
25.514754098360655
25.514754098360655
25.518032786885247
25.518032786885247
25.524590163934427
\
25.518032786885247
25.501639344262294
25.509836065573772
25.50655737704918
25.509836065573772
25.51311475409836
25.509836065573772
25.509836065573772
25.509836065573772
25.522950819672133
25.514754098360655
25.514754098360655
25.527868852459015
25.516393442622952
25.518032786885247
25.514754098360655
25.501639344262294
25.501639344262294
25.50655737704918
25.50655737704918
25.518032786885247
25.521311475409835
25.518032786885247
25.518032786885247
25.524590163934427
\
25.518032786885247
25.5
25.509836065573772
25.509836065573772
25.508196721311474
25.509836065573772
25.509836065573772
25.509836065573772
25.509836065573772
25.521311475409835
25.514754098360655
25.51311475409836
25.52622950819672
25.511475409836066
25.514754098360655
25.514754098360655
25.509836065573772
25.501639344262294
25.50655737704918
25.509836065573772
25.514754098360655
25.51311475409836
25.514754098360655
25.514754098360655
25.522950819672133
\
25.51311475409836
25.498360655737706
25.509836065573772
25.509836065573772
25.514754098360655
25.514754098360655
25.514754098360655
25.509836065573772
25.509836065573772
25.518032786885247
25.514754098360655
25.508196721311474
25.518032786885247
25.501639344262294
25.509836065573772
25.514754098360655
25.509836065573772
25.508196721311474
25.501639344262294
25.511475409836066
25.518032786885247
25.514754098360655
25.518032786885247
25.518032786885247
25.521311475409835
\
